,Price
0,477304.55249566765
1,477304.55249566765
2,350244.0153572981
3,325440.46082076675
4,588624.9115905924
5,372998.4991535686
6,272150.8395524148
7,235708.0179202034
8,470223.7855188822
9,216451.1178557724
10,315927.93795241765
11,392236.02958411415
12,253399.20837582418
13,260330.0162451869
14,259658.22900699303
15,590550.4290187816
16,535887.6754710936
17,373012.77825224464
18,441753.50873354275
19,255445.47684303252
20,468171.48306869343
21,300121.0063793429
22,1051415.8616219086
23,307599.10878272494
24,208258.841213754
25,278384.1756639922
26,447131.77755125955
27,329705.2782331646
28,396616.7139782259
29,259146.48891340673
30,465180.07134873583
31,299297.9350468728
32,509918.03836794023
33,553076.1430222153
34,676158.8565748106
35,438366.4780884748
36,226865.6710093183
37,486700.1402056703
38,783110.7154776384
39,330809.0640526967
40,247754.3162707701
41,528340.9891641452
42,502412.98452317266
43,347678.28658111976
44,381742.81229578116
45,388365.19618801895
46,759139.3645801712
47,331425.2834397503
48,420114.8172781126
49,440942.2862839672
50,255378.60713765293
51,566029.9654050067
52,290164.9407224051
53,286795.55665837985
54,552987.4732223208
55,409221.68529033905
56,534340.0298577518
57,792606.8552013
58,237579.36238569312
59,364720.1613444299
60,459427.45714566024
61,355786.68777013954
62,306272.8488399098
63,804991.9259382841
64,759399.1195948696
65,392269.95884407894
66,725518.6406106605
67,414094.64263055316
68,327161.0620611741
69,544727.9740585272
70,488535.78336961014
71,421867.51109439426
72,613543.373325119
73,247428.5090826381
74,383566.54736879544
75,425001.71979465726
76,584096.9542088266
77,280593.6448851471
78,459391.7661891584
79,301616.6921506743
80,518010.2114757535
81,599719.7826708389
82,401645.14701790444
83,716959.4551908933
84,534053.9059800112
85,320841.3485578361
86,484710.69984102075
87,244696.6904966719
88,234901.5752327106
89,320770.77510764665
90,359164.46165085334
91,401482.76882673695
92,401482.76882673695
93,339693.3961372657
94,300407.5187919941
95,494481.62253759394
96,375766.81686532946
97,259231.53633998308
98,263259.9373315035
99,505631.0913459751
100,282360.06886051025
101,467071.61248717346
102,226866.95185711377
103,345699.06536175485
104,236956.5770547955
105,514710.98770665866
106,468176.9468034519
107,363062.65635609796
108,375468.8309097594
109,309859.86909611657
110,607048.0278763494
111,1352435.369415509
112,565973.648886682
113,350787.69900760904
114,248534.62617804913
115,323223.54219438776
116,479936.4723458625
117,893649.309800382
118,369849.421164346
119,238154.80858753246
120,395148.10524052876
121,440036.8042677082
122,983921.9675920712
123,364423.83367009216
124,604548.9762624366
125,287918.551153027
126,254677.20661299335
127,573699.4066531159
128,196507.21253706852
129,262418.3376839953
130,223282.44676092424
131,209884.43387464242
132,379015.05581336183
133,380423.65854342177
134,319570.94232585945
135,308705.11328546604
136,700226.3858723845
137,281294.53259782656
138,296068.84716040775
139,597511.1834199132
140,438644.58138715953
141,552991.8066646397
142,276957.55958042305
143,384241.5218358575
144,347218.4625552071
145,322864.23930189747
146,294665.5866089961
147,488550.3936168821
148,239067.5460027857
149,387409.6372384022
150,409634.0643045225
151,393529.1436359564
152,494205.0107454896
153,507800.030284248
154,737263.3069577959
155,469975.1431501865
156,232700.2525417038
157,351126.6140926652
158,365972.7582639638
159,357484.3605841271
160,504466.61469266214
161,431552.11883059726
162,367430.596326633
163,512000.509950623
164,326998.60194619256
165,448747.9555318493
166,352899.8549446399
167,388791.22190714045
168,363008.16165583907
169,1127707.0985525046
170,300163.45416871284
171,338593.535700055
172,338385.1638784716
173,390766.46578985266
174,362754.80790394807
175,542654.547724705
176,310938.5193325561
177,431919.96120783605
178,235709.3918034334
179,315961.6146835489
180,935654.429778181
181,787720.8349406511
182,700134.6678289381
183,503836.11376418744
184,542331.6336125749
185,370116.5002480195
186,697528.7813764352
187,245944.5427398175
188,476255.4569858488
189,303831.9993910773
190,346828.3884038656
191,460960.66095350526
192,371556.26066922396
193,371556.26066922396
194,247869.53063489008
195,510797.66340986424
196,288936.3495584476
197,486909.4922347148
198,300441.8478523673
199,490416.080342077
200,284570.32021458016
201,213140.51806846622
202,506742.9965465236
203,445199.2309182827
204,648063.5935140818
205,265410.053858286
206,345411.3398430084
207,350726.29831264017
208,597531.3182053457
209,275177.8422293231
210,267171.75459309807
211,479390.2249695709
212,526203.287382201
213,288994.79860108846
214,294728.56665082567
215,602076.0234507155
216,333150.3532371893
217,540221.0864200817
218,1158205.1434801708
219,214787.4826992187
220,298107.19327476854
221,527876.4436276767
222,282402.03925277083
223,705350.1425315068
224,305009.5241266417
225,383434.0141950333
226,570325.4075791613
227,279135.7819943367
228,218147.85517307444
229,358988.59333759634
230,282404.92732912645
231,725108.3651965185
232,358581.16769022215
233,246626.38978760323
234,229392.68133604835
235,383233.5362511245
236,358823.0098809814
237,385789.82423291274
238,235902.12641057253
239,579415.824399739
240,571264.0581695829
241,240321.19211871858
242,435183.40206896496
243,328467.1884169431
244,516403.140910993
245,513936.77469763486
246,255715.7681260947
247,490728.3895356736
248,339907.0157798327
249,597907.7212565297
250,345208.1278656193
251,635935.7092352355
252,437127.8367637727
253,316511.51236252976
254,313505.79407547764
255,362792.97745260934
256,679460.2756027771
257,407939.18313353026
258,414129.35708065913
259,328245.68603026174
260,271652.53072946303
261,668867.0872928364
262,443729.35875841125
263,559411.7305080397
264,324590.35530572216
265,597466.7609144269
266,550967.9521462201
267,254276.98192868484
268,1641585.8829061023
269,454073.26173020754
270,665599.6846918468
271,786584.0304966503
272,213127.8345969219
273,414260.4213279128
274,318265.15309177036
275,418941.15628045966
276,756893.1747854456
277,360575.7062989991
278,511600.40924193454
279,519503.8791529494
280,833989.4182081055
281,407312.60890753707
282,324789.0649152387
283,245956.5351142598
284,398389.65416727104
285,684465.9722387836
286,268333.652507453
287,349231.586653495
288,236216.46697898008
289,351947.6006710377
290,246321.35573435551
291,246321.35573435551
292,609155.1575159881
293,247162.61185165204
294,239396.3216345252
295,427100.06764198863
296,777561.4489208744
297,391796.11176701897
298,753701.4718553802
299,366033.4983613256
300,461480.0258983521
301,292376.89976997656
302,216480.4404507941
303,630983.4371026047
304,505830.30242366187
305,392004.6237361065
306,1000448.4818563709
307,338632.7962423714
308,218974.9575914683
309,243955.4484702846
310,1384708.318272976
311,798339.0551533
312,298935.2393002364
313,298935.2393002364
314,298935.2393002364
315,222517.0056508096
316,611434.9911116117
317,407602.04918104067
318,829889.562021587
319,427268.65611259756
320,352421.82390953985
321,286846.264798073
322,350188.2539084319
323,293577.8199371117
324,243021.7888240062
325,373166.51659161
326,286771.20745448314
327,328442.9238608663
328,345244.3601123207
329,435242.8802064463
330,309754.86315340386
331,290149.7679195921
332,414100.60196373076
333,276710.585080837
334,456103.4060945152
335,281282.4048509901
336,360218.83311793866
337,323380.3672729147
338,322162.7997228111
339,714216.7651747168
340,347458.9719188252
341,207437.71168676403
342,593611.4619034022
343,375907.18434602313
344,241272.3072682066
345,329949.409909877
346,332107.72421828826
347,604729.1339202487
348,780315.0407308246
349,364868.5150738631
350,515482.4051713529
351,272701.3117999942
352,287904.78089817934
353,291291.1922750083
354,261133.79123480176
355,320840.2291369031
356,332221.25285909587
357,1438585.166843221
358,911690.9446714441
359,525598.0402086903
360,412215.19221859326
361,346143.7357034995
362,427128.6907578375
363,375646.28936648543
364,295802.65892495454
365,563710.9162882618
366,663227.1317469201
367,655270.7376440465
368,341403.56277979945
369,399236.3854000755
370,414124.4575756371
371,322093.8601849697
372,208263.24892885398
373,570365.3263881155
374,346614.1116590201
375,671101.1206281503
376,436868.8050467397
377,292399.45029612916
378,300412.6869027215
379,352098.4978715705
380,426821.7305734349
381,398105.1386099762
382,503818.3293910752
383,261402.90547716012
384,247555.24525339768
385,237517.72186258424
386,420259.9228641454
387,650536.4893532293
388,479128.9695265973
389,860046.7902895676
390,271340.5547395118
391,897927.7844958988
392,625718.1520224435
393,534042.4759141911
394,267810.88335240865
395,320358.3706114291
396,602768.5200161771
397,332265.55238977
398,548708.9465971615
399,609864.4014099358
400,780690.9775279673
401,398726.3197532391
402,668363.0001149268
403,332419.53354790184
404,311251.1995026671
405,380652.41148228233
406,494310.2903762749
407,292385.66590567655
408,374804.24894964445
409,372756.6554689719
410,518095.26780708216
411,268501.42196475953
412,468130.35324521345
413,597692.8024070814
414,218980.7571171374
415,420241.24953952286
416,246077.8028951277
417,802464.9763480901
418,341943.26896516414
419,579258.0773055719
420,570374.760063366
421,542070.2749646755
422,493060.20168569876
423,515960.87700986594
424,308673.55081166147
425,310594.5078521331
426,410411.64495135046
427,290208.20199667587
428,420290.491600933
429,434995.55144920386
430,407756.14068843663
431,550545.7086908069
432,354436.83246501593
433,494250.80263700994
434,290119.95378884464
435,296989.83565098577
436,640811.5177774795
437,679392.6765726736
438,320738.6916788509
439,395295.07912979816
440,328270.52545445063
441,412015.21712831187
442,334805.32627195754
443,246894.32045184926
444,568182.9457952918
445,329557.2480088253
446,396394.6209984855
447,330950.58054820803
448,407745.31199546193
449,219016.99890415077
450,232674.35121503667
451,700489.819826759
452,443463.76710427325
453,602245.7722092993
454,981395.7060676375
455,344197.72193480167
456,303921.6535188408
457,339669.1439092821
458,459211.02136715315
459,207422.15652965257
460,628898.239154245
461,222517.0501694241
462,702815.6662340048
463,290379.15252177534
464,282404.3510456806
465,462743.3119381147
466,1084963.6091345812
467,606659.3377605183
468,355669.442218959
469,349253.3859833483
470,442260.5587126028
471,473763.118979646
472,229408.4865318205
473,599964.5899076873
474,599964.5899076873
475,318251.9926613427
476,368720.1050557982
477,695582.8622449418
478,380436.5082782867
479,333534.08727428137
480,830303.844839056
481,295457.5787420431
482,332261.76253712876
483,266452.1097005939
484,352916.5002344921
485,410884.8763996816
486,457404.9749607328
487,241874.56205897234
488,410609.19904417364
489,730721.6364024716
490,641297.6736445026
491,242830.37387284887
492,283153.96700233204
493,290126.33133747877
494,301692.20610443974
495,340045.8397896696
496,928885.6101054177
497,595405.8981677042
498,417115.28297281824
499,296960.8147120182
500,342821.1703281927
501,381487.1082827835
502,584196.1630667265
503,362740.23188035295
504,318387.98101546336
505,301573.5609332998
506,502160.0221210463
507,364564.74278684275
508,273806.43758495006
509,414144.00246877834
510,463740.55382842734
511,226780.35320481926
512,313382.23130757594
513,303959.0780959367
514,429841.4689297964
515,300435.59129497904
516,518206.0254472194
517,260056.93574558213
518,270501.40404992155
519,771750.1769804516
520,254722.72442919857
521,287992.23301267944
522,459176.2339903839
523,430107.0837138516
524,425296.79699683806
525,487211.25074203085
526,494230.9576113167
527,590990.1839833516
528,294537.2697242537
529,255920.3183054188
530,281280.9552148526
531,258327.16753060042
532,563858.9543107272
533,346720.0789753504
534,321987.1195653873
535,294813.29784838454
536,293554.55197314144
537,711450.2095067678
538,628335.8836232409
539,331864.383786268
540,270662.84542421415
541,348981.0359914928
542,328245.39478580805
543,555634.198117122
544,447432.01891190273
545,633435.17901123
546,344123.7250120457
547,459172.34583863715
548,1765312.1320600125
549,386314.0133883489
550,238577.1488577164
551,215617.01085088533
552,234775.28129752201
553,237524.08755947303
554,691884.6628565625
555,225000.95020007077
556,305111.5486339713
557,298999.4340687381
558,447418.1268078686
559,461519.78247714054
560,343896.8405979859
561,401013.77402749
562,401013.77402749
563,638590.5449626772
564,765454.1561609025
565,509845.6713793498
566,475642.23699693725
567,443240.2258771296
568,433772.0261901031
569,893606.2406245924
570,423820.8059186491
571,245650.62445197813
572,268724.6584059679
573,515715.81187475915
574,269558.2194288358
575,428814.9870875298
576,521764.73604802106
577,231987.7621736237
578,234869.13911489266
579,492698.4087588182
580,604491.3494143612
581,498293.2933117602
582,814773.8743719966
583,270732.1433361049
584,298234.786742878
585,312290.6518742129
586,338580.63255901134
587,297625.0038116612
588,319496.6139275333
589,373180.3263901051
590,247549.44232207554
591,317055.40496050025
592,327125.70529795124
593,235411.31038727346
594,227646.2479901783
595,466924.07454016607
596,260042.69277442095
597,201884.21093764598
598,490651.43964006397
599,391793.1533123912
600,392248.90564705373
601,533965.3921284953
602,237523.96783791
603,327877.22342254117
604,390752.92920483055
605,458087.28835272754
606,208227.71164751274
607,936707.460686822
608,213161.28618544032
609,2454451.0937668043
610,354671.7632697854
611,263500.8702599381
612,628282.7311797107
613,429711.5530131283
614,579467.0709213145
615,325382.83297156106
616,309871.3629478866
617,226768.87211249335
618,226478.56520011832
619,374434.47372805973
620,343646.5949653899
621,590725.7699841753
622,296983.00901119097
623,418958.9637750726
624,286764.32628184
625,377074.2001323744
626,490413.84964531945
627,334307.77879343374
628,349394.87746390427
629,733551.2063685015
630,395717.6932011972
631,504154.7546048518
632,228515.14365848256
633,387743.963517471
634,309905.48614834045
635,532123.2352210323
636,226481.82545229592
637,247860.19092991308
638,427522.2751800243
639,309898.5165235168
640,387719.2966655614
641,271564.9391749425
642,406170.4077907143
643,374440.33852288756
644,230283.30314900883
645,460981.05016646965
646,530402.6122456925
647,418945.05100581393
648,682567.8090552194
649,329316.55447986873
650,445404.4244430505
651,759589.8704498748
652,317053.97037551756
653,198011.18758251794
654,448612.57455426926
655,308777.8257072368
656,226754.7828515076
657,307349.81316568784
658,269580.67334028694
659,992947.7808802581
660,332249.3495469257
661,455666.2264562123
662,488521.5779415592
663,491000.4376820666
664,388790.0658402366
665,290012.8267069049
666,692078.0534814204
667,454380.3137660034
668,719582.1615618432
669,255341.14154026052
670,1383272.2997982842
671,319492.03051085386
672,792630.486202105
673,464858.99606434116
674,255346.39359767793
675,303832.0890702432
676,278048.11550671817
677,384326.18023403606
678,500013.041043127
679,618720.3564136116
680,498048.07585540717
681,418948.2190433365
682,496263.9651617782
683,291130.74634048145
684,274823.32061244367
685,401471.07186839863
686,266446.27346448286
687,390774.30214828183
688,347674.80191394157
689,473844.8086482135
690,969280.7933958727
691,279358.4184444718
692,274826.8137886611
693,338584.17137278203
694,227625.8125365279
695,498358.4763593336
696,420368.534772406
697,412056.38926820847
698,319619.4119630011
699,557284.530039007
700,240939.69845696285
701,321743.765029475
702,304784.486780378
703,404450.773093862
704,346967.5535060432
705,1123030.3185483871
706,288972.73583611613
707,501986.9330820063
708,267509.67439231847
709,461051.3637035386
710,400012.0270824207
711,490408.1016148722
712,588549.8160569334
713,298357.6323331083
714,503877.3364305943
715,555127.2823731999
716,257320.04099888258
717,352727.27017229056
718,294921.15076826944
719,488513.052587855
720,371103.48110874294
721,361407.64150474453
722,618686.6487626173
723,279142.06879087293
724,300303.13811267965
725,462778.6272976734
726,560434.781092507
727,357437.57641367335
728,334670.0231282384
729,360402.3283244961
730,365617.1555176735
731,422869.94963309955
732,404338.33205881395
733,499998.2065788417
734,678850.4250450933
735,552943.2303682512
736,313367.09378248255
737,287047.6658191953
738,420244.068382748
739,418966.8394193848
740,245674.1970591524
741,446978.0346394597
742,234113.51286803113
743,506438.9187746944
744,590800.0841421426
745,354998.8825740623
746,413873.6999925525
747,219822.26786671745
748,435897.4135607506
749,389751.9800333483
750,504397.6094008682
751,410459.35529605055
752,291504.9268010109
753,472020.8563655874
754,302651.44146474055
755,518517.0841924828
756,456414.2804821722
757,332234.5480272873
758,415482.8766129519
759,209856.88174140872
760,626222.5434600423
761,420760.403724714
762,235141.73580978106
763,281188.1232987969
764,410930.4542959835
765,450388.21421947
766,509841.47364535916
767,711143.795951041
768,272701.6134268588
769,240671.92931876017
770,387721.0647443087
771,415704.9672817145
772,435385.00390053634
773,286769.537835945
774,280306.60192045
775,452291.4688129642
776,415687.39160056907
777,360215.76877492364
778,311058.17920650163
779,929282.9033305137
780,374238.60939578956
781,733822.1776442444
782,486668.4419592044
783,876050.1103846487
784,348045.65370541665
785,676377.9142730298
786,333414.03925982694
787,227623.43081419365
788,496521.70045903407
789,491032.7447887062
790,393475.09940857854
791,333484.271345853
792,361385.8547617749
793,470057.0325808833
794,258905.13607782923
795,347903.03842450224
796,447476.98950494407
797,503940.31843551405
798,344080.55307078053
799,360469.3123341835
800,230296.0601203746
801,325883.0439464592
802,220679.56587513437
803,399917.53502919676
804,506772.50939797045
805,257311.00143636068
806,367371.1227690504
807,443449.3320234803
808,768810.7225515355
809,224132.08062162396
810,328269.45972924225
811,1300869.9432113084
812,258320.3870839746
813,609060.3223013513
814,328143.9954140617
815,536330.9184155796
816,315818.88872812956
817,250444.55927745224
818,273786.40823731216
819,597451.9517118648
820,260469.90875284735
821,929376.3512102346
822,268580.3268518837
823,332645.752883458
824,505832.0997842705
825,273684.4494993474
826,284561.97689056
827,396568.70064830437
828,351976.1569802173
829,468177.44629064924
830,900726.7795099424
831,633346.7761867001
832,544796.694650286
833,287970.5530268198
834,296953.7294111199
835,320852.32008583046
836,309804.9108601798
837,455937.7373614934
838,325408.15646074427
839,323397.8380290975
840,570097.7368434048
841,279125.22632120695
842,287801.46192662104
843,507793.2383917611
844,358986.70131833793
845,409011.394378745
846,444150.6296519734
847,346544.60973666504
848,588628.9048762528
849,456139.4806568811
850,315938.83560084464
851,371866.7679468179
852,438673.1849268906
853,350323.9560755684
854,655645.6642990911
855,320753.2538516033
856,1478091.7829548824
857,579809.1243082428
858,386135.90680707124
859,368705.6729297253
860,399925.3979287157
861,287882.5284350232
862,722746.4165202428
863,356074.6116160698
864,604441.5999476716
865,444039.44258217973
866,380275.82899076596
867,383859.1168139781
868,655739.723015858
869,528221.5351818705
870,313476.37411668873
871,475656.17589771777
872,445997.7322752991
873,545069.3607477377
874,207446.362882995
875,216470.9470355043
876,347699.7918235245
877,401471.8229216542
878,271676.9810780734
879,431147.0439626166
880,257578.26604633755
881,269620.2319347477
882,246932.27981391342
883,330804.4025678765
884,264306.72874211764
885,338581.29681906535
886,199571.9028009031
887,339380.72599094163
888,306311.36611428513
889,476113.1021648191
890,433493.70690301055
891,251423.74961269525
892,479742.8974828128
893,1203358.623651536
894,340021.7854164979
895,830257.7676434512
896,328439.84722226224
897,270860.5413501415
898,451014.0186447243
899,496217.55809851096
900,271658.7391028183
901,330835.03732611163
902,377490.7834462736
903,524092.24374751083
904,241857.5731265628
905,820742.2037237943
906,673947.5335918212
907,329957.08355876716
908,417066.10714276537
909,1015378.3480248544
910,1281178.011266299
911,502214.573520502
912,616292.0658250003
913,216463.015949855
914,407778.6715907271
915,517681.65722071176
916,1779058.2768889128
917,371734.6396964038
918,807618.8847532094
919,742426.9973650762
920,336190.60443473817
921,367281.0130547167
922,398433.14483181346
923,265431.36948635837
924,373011.3563298435
925,324602.0448239963
926,522062.2893000599
927,418916.1695582643
928,276113.3792370636
929,359020.93911690725
930,293691.3147348353
931,342795.8768328543
932,384316.9618920376
933,273754.98203740246
934,332242.429482487
935,333388.15196948004
936,1063676.5344046876
937,380808.80641993624
938,244081.9777506599
939,380431.0624151513
940,363279.84830738703
941,289141.45663299167
942,324606.5303248748
943,311068.7022873656
944,311068.7022873656
945,330576.89783437114
946,457958.27955349634
947,303936.2476358104
948,689413.4252966807
949,399896.9562525193
950,663717.3145967221
951,484896.06091852736
952,209050.0949345741
953,306205.5736609983
954,229108.00675774642
955,301614.95888239786
956,267474.5871219741
957,396550.5559183569
958,565933.0085784562
959,590683.9646769441
960,332263.3136454353
961,305298.57771895174
962,611664.8526505427
963,342169.8885717487
964,403096.1049189807
965,268748.2235763057
966,517754.83104502887
967,425162.32454774727
968,414124.4139661559
969,650651.694301719
970,395316.12797651516
971,633265.3908478903
972,333611.14387232304
973,323359.1585004551
974,231787.68704261252
975,278113.45579823287
976,1352334.6100594902
977,381759.30596886243
978,353366.42833183217
979,253282.57970689982
980,289881.62471488863
981,212314.61998848277
982,479697.942581088
983,410903.0799624592
984,555714.5003747793
985,296596.42493471166
986,423487.8052271746
987,320865.8384839127
988,426795.58644941455
989,329153.74119927146
990,266444.60986019915
991,711412.9166813724
992,511707.0485153584
993,238176.14405604938
994,228526.0273086606
995,470598.8392506901
996,430148.4274479937
997,1496626.3597997772
998,956073.8555920002
999,302734.99044804054
1000,251629.72366007802
1001,809682.0821859594
1002,322090.62491079426
1003,250452.00853490297
1004,379890.1271460031
1005,294681.4588312594
1006,237528.64400751883
1007,294674.1829216283
1008,356054.9637182587
1009,341208.63409424655
1010,365855.7425733366
1011,428459.3378822767
1012,4327603.725848904
1013,357543.0504446922
1014,1126752.420571841
1015,434106.9781893624
1016,623533.4007307299
1017,518305.89419604035
1018,212294.8932973024
1019,390281.4774337232
1020,315832.55858447915
1021,308195.72319541196
1022,315938.98509536526
1023,618907.4367349936
1024,398366.52203649114
1025,323229.25977483107
1026,440275.9900657051
1027,315964.34655805764
1028,604820.6131436505
1029,523770.16254235647
1030,230302.72370529076
1031,245204.6476866953
1032,736666.0427550762
1033,262346.3669977492
1034,595431.3009711583
1035,307629.47659283056
1036,275903.9934142044
1037,471783.8402797179
1038,1165034.9343791297
1039,365597.5941719957
1040,390708.4546281412
1041,490428.1221099051
1042,274835.0246239792
1043,514420.6835267432
1044,414068.079653069
1045,314711.7497656976
1046,396931.8745323696
1047,528508.8323587439
1048,248980.8047306352
1049,504306.46074563544
1050,244689.61131131792
1051,516572.23432407464
1052,368441.944155881
1053,519983.227838075
1054,319904.7079926457
1055,325878.59321862523
1056,471791.4117963068
1057,405962.08557224006
1058,308757.38560014986
1059,307467.85494470457
1060,466522.6061876151
1061,337362.037615083
1062,323523.5215561867
1063,415743.7419737054
1064,308966.0843125445
1065,308916.9468529874
1066,360511.4747011172
1067,716799.0343165238
1068,374451.99483966007
1069,303124.81253830675
1070,413551.63823207933
1071,240313.9301472015
1072,410367.00149057433
1073,648316.4405327005
1074,332127.88457229466
1075,546751.7866986347
1076,1647580.999811737
1077,678578.1773065391
1078,248511.68031158167
1079,408831.6184283979
1080,385104.5579187553
1081,284247.3634807564
1082,263609.6312500787
1083,536153.8057338167
1084,320884.3222683173
1085,528085.2531814474
1086,255362.93847367843
1087,382983.23664024385
1088,482692.1174716193
1089,228323.12601731886
1090,273323.53582076856
1091,353326.3861814929
1092,660716.6114803687
1093,320856.5174205005
1094,793252.596527033
1095,295868.5473777954
1096,388493.55204535404
1097,315451.75816971203
1098,265346.9104817437
1099,398359.0987305316
1100,428479.43511616706
1101,310948.0583034186
1102,792601.3988989235
1103,576805.1242881321
1104,301693.4296172043
1105,577318.2314606138
1106,318668.1618581986
1107,280208.63083364046
1108,231191.2542466894
1109,264422.4634016508
1110,721872.3795923915
1111,324261.34211037436
1112,893494.3085811543
1113,283820.1815220343
1114,555360.5912226517
1115,440586.811360031
1116,354875.3315064066
1117,302797.0072190693
1118,475545.1138101971
1119,1692857.7757123308
1120,285678.7710138755
1121,322094.08688039763
1122,869726.8955661589
1123,400998.841632593
1124,1887079.2478840796
1125,531885.7439921693
1126,663501.0980551098
1127,266478.71118455316
1128,357605.8603551885
1129,242074.1264803908
1130,362618.2777938895
1131,222431.86013573947
1132,254345.66395815017
1133,461503.68115666276
1134,335979.05510305386
1135,399931.4158518146
1136,364168.4870987343
1137,1199857.9010903663
1138,349245.6375324125
1139,375990.1380022482
1140,290931.3591357473
1141,528088.9294536691
1142,830294.8263287429
1143,291415.42790158663
1144,374220.37405714334
1145,297972.66544956504
1146,338712.2522493363
1147,628403.296628106
1148,459393.3574598611
1149,280084.14092423674
1150,256221.3142232924
1151,518458.0961368351
1152,414095.14213854936
1153,518345.20544600906
1154,340879.38372548687
1155,347657.2834014783
1156,398075.23893581465
1157,440040.1040807341
1158,332241.7011182697
1159,313481.9728081226
1160,275905.2043119983
1161,742637.8009829723
1162,463595.3263089037
1163,262265.7845968522
1164,814764.6821047474
1165,1097100.3197858678
1166,315013.84758820577
1167,311940.26228630345
1168,285693.2840963059
1169,504272.6990650064
1170,1035895.6744773111
1171,768473.8758023119
1172,331060.66208448785
1173,280198.46955028875
1174,235705.04228227297
1175,353104.09371816897
1176,225867.4550831096
1177,287956.1194895771
1178,278820.48653224064
1179,243780.3641200263
1180,279113.6549160715
1181,643050.0938718322
1182,256355.12617996332
1183,540265.7474134832
1184,264416.2385584316
1185,262671.5935748524
1186,252716.2248236557
1187,3921230.735020604
1188,295812.99545589817
1189,342442.8804300083
1190,280201.52076459426
1191,219857.86209712518
1192,1384073.8268647387
1193,436908.918928496
1194,377348.6062787333
1195,314584.49927033175
1196,226472.0365198302
1197,249478.35294059842
1198,335736.3804667442
1199,402559.72010418226
1200,345335.8225658118
1201,290126.4775244442
1202,357046.59361544513
1203,295693.5897940229
1204,307355.80041523505
1205,538176.4904548009
1206,260351.6023856585
1207,275986.88649490016
1208,246605.50617196137
1209,290119.5861140393
1210,230283.98837249106
1211,369863.7068035975
1212,404114.1789835954
1213,574346.6010235057
1214,228446.27870147204
1215,417294.9869250728
1216,310240.0833756106
1217,324490.6821392141
1218,243478.1681562736
1219,501956.27098458295
1220,371554.9892178993
1221,708087.0582383465
1222,673629.6054239089
1223,314694.3855424521
1224,418455.493405595
1225,271667.876170765
1226,546322.3536801678
1227,276950.07260512543
1228,250442.31034808807
1229,973051.6700077441
1230,741799.3708232006
1231,410886.32848303235
1232,470215.62337075715
1233,355698.51542792236
1234,267821.53884085274
1235,505917.49706086377
1236,616618.1610526842
1237,281281.19579696626
1238,306758.5050350798
1239,744639.8485264473
1240,305139.55673106224
1241,521756.4600804208
1242,480195.3527948734
1243,490400.18007859716
1244,308324.99895188055
1245,855988.1700547844
1246,367759.95395172766
1247,280263.4086715776
1248,280082.57371506764
1249,523814.9250185851
1250,313573.9981560408
1251,404301.0305695221
1252,494810.40979751013
1253,703322.0449514035
1254,495104.6782554138
1255,361422.214877931
1256,367461.1207839034
1257,338235.98296188
1258,503893.6179801311
1259,274823.86447961006
1260,345203.69939833996
1261,359866.5065133676
1262,618669.661388809
1263,338864.79546132404
1264,520319.4121134283
1265,1039290.1017554364
1266,893597.8697352217
1267,430460.96454041585
1268,298201.10725409776
1269,331847.2530690288
1270,303475.8047873884
1271,385066.5745621206
1272,494260.8752631862
1273,595086.9536410968
1274,254667.58388766187
1275,254667.58388766187
1276,254669.75842823164
1277,633684.3008588289
1278,759509.8409034963
1279,494511.170578107
1280,475488.23599291843
1281,209863.3998020023
1282,384561.86837046314
1283,576767.3437920172
1284,236612.62520963795
1285,532562.8189458969
1286,243748.48845868837
1287,300288.00221105263
1288,217292.2023359676
1289,293601.43314004043
1290,472169.95037581737
1291,300440.4254352413
1292,523887.8148173165
1293,391791.8207140166
1294,278291.83336810634
1295,353064.6544475359
1296,287896.3948856437
1297,272718.4520027025
1298,318262.47375789343
1299,531962.7480558908
1300,406267.2650758854
1301,324475.8647492768
1302,491176.0021120189
1303,314567.2857130498
1304,3347845.077797278
1305,226768.65746312504
1306,650832.789789096
1307,209841.761174614
1308,387465.8206493534
1309,523507.8508278615
1310,256749.40110131545
1311,255330.9001961443
1312,508432.6060292016
1313,608883.8213787805
1314,296952.10811774764
1315,235706.1678741483
1316,595407.5887529423
1317,1027712.6691123035
1318,416058.6288572288
1319,465324.41070884897
1320,224989.74518344755
1321,428721.4354006041
1322,332218.77519391454
1323,484757.60103929025
1324,354476.67587215564
1325,276988.97141120693
1326,455967.9735199165
1327,512312.98423787754
1328,343878.8404531671
1329,392284.3723251696
1330,278288.8125369308
1331,527821.7413108613
1332,351947.79965708917
1333,353484.69432618597
1334,421708.4412130599
1335,534216.311469069
1336,823842.7673038864
1337,387442.62278835534
1338,928439.2635474453
1339,233906.11505869628
1340,463037.59619213216
1341,597515.12638091
1342,513751.53859945305
1343,566177.3828519084
1344,340054.1890102559
1345,266356.8927142923
1346,563773.1972995023
1347,274897.599795332
1348,365844.2724436016
1349,334694.387070905
1350,333392.09125206707
1351,745472.8565467712
1352,406171.12669260526
1353,697784.983540871
1354,285545.68836465204
1355,263706.86888959265
1356,330806.1141600679
1357,581750.4588768886
1358,368740.3963519599
1359,313359.13879930775
1360,323343.8009853525
1361,445172.03486430197
1362,261359.5477613823
1363,377329.41769410647
1364,258235.9135314402
1365,498266.463142668
1366,513975.7523729479
1367,263777.5306276719
1368,505859.05034463806
1369,361623.07424443524
1370,357437.9337233969
1371,457988.1597180761
1372,370483.20898677176
1373,330808.16763644957
1374,356062.8396703773
1375,421871.7235922678
1376,408993.49520563957
1377,288927.28794150887
1378,356226.43512465106
1379,311066.46798138996
1380,670988.9239142869
1381,296948.59544712864
1382,371538.80726354715
1383,491133.40124706016
1384,379187.49575940054
1385,505586.5086376285
1386,388918.51574858936
1387,358859.82647707674
1388,285544.136078236
1389,384455.15435310546
1390,457166.60272643645
1391,257319.86964093053
1392,336138.7509314762
1393,275908.9682692741
1394,479701.7719773955
1395,326280.9090270458
1396,540278.9113713981
1397,433667.93419060524
1398,442309.3072744289
1399,233589.73240668757
1400,466402.018420218
1401,322032.14440885687
1402,409456.2368408566
1403,318428.5528369674
1404,616526.5562667397
1405,306324.6046811989
1406,524359.3451636337
1407,438891.3449480719
1408,338791.08685398934
1409,386221.40457026265
1410,555347.5831739518
1411,588967.2312859666
1412,506187.3382267841
1413,412486.36331054295
1414,412486.36331054295
1415,295032.8939879521
1416,295032.8939879521
1417,318363.6533985519
1418,590855.7331860629
1419,528098.5168649757
1420,335959.38399278227
1421,305117.8947995185
1422,377173.6718878219
1423,265421.6735749911
1424,395291.6771440443
1425,517451.76458723104
1426,578939.0471456022
1427,224355.73847297774
1428,694530.4291065523
1429,281282.25497746863
1430,226742.55109465032
1431,631044.2337977543
1432,689091.017435408
1433,234845.99857394025
1434,234778.52925230382
1435,256329.32271431907
1436,780508.0087941919
1437,225008.2538390174
1438,264387.6389170896
1439,373347.866741221
1440,426634.14571736794
1441,940247.5140784815
1442,280200.01143931464
1443,349363.17991390615
1444,308245.60450766044
1445,384458.2487355763
1446,309533.99951193394
1447,533073.5631967146
1448,251421.04578442915
1449,396934.7743595898
1450,525800.5400177089
1451,294561.5888582894
1452,325845.2775338032
1453,395298.7395684151
1454,563781.9547210521
1455,269929.9609517595
1456,525826.5139205913
1457,313474.38069531426
1458,544554.1078538013
1459,307557.69137228123
1460,506425.2679795303
1461,281419.30687228974
1462,570110.0231929234
1463,349276.4050392266
1464,304801.90789411217
1465,272702.12513821793
1466,581752.9085080264
1467,353347.61574212945
1468,468197.0074759188
1469,405931.5227000812
1470,534287.3530302035
1471,330824.6102301922
1472,265745.9080463607
1473,265745.9080463607
1474,565970.5230945557
1475,264394.156974016
1476,348022.8196223315
1477,386213.8537666835
1478,1204065.5186386083
1479,496133.98052038596
1480,523716.47703328554
1481,407513.8515236197
1482,247878.29073824323
1483,291357.57903198537
1484,404634.4961945793
1485,730677.3411012205
1486,814358.5126707825
1487,443625.2586517172
1488,205844.7021044944
1489,525546.3464383811
1490,231782.72628344502
1491,374922.647966012
1492,1093193.9193046787
1493,327888.215029899
1494,209854.4827025915
1495,475526.75138594484
1496,267494.4042300977
1497,470042.5567247785
1498,392241.6005391148
1499,440052.24041937955
1500,668736.144270651
1501,583954.2195041289
1502,548719.4022343925
1503,1035675.6244450031
1504,663425.7178716703
1505,524210.91844513826
1506,285691.96477708174
1507,345471.5741978439
1508,314616.85887831135
1509,437135.2928920036
1510,440527.6793389028
1511,259206.49376740804
1512,719841.6041794573
1513,421881.90879228804
1514,368691.369200776
1515,405717.797276952
1516,890609.7130659181
1517,673781.9972782892
1518,301624.3863925188
1519,383242.6136425255
1520,447125.34764514735
1521,218990.0940674482
1522,668495.9487266451
1523,503920.5091857741
1524,462826.09574305225
1525,406160.87063261605
1526,275888.1243364546
1527,360229.8967066901
1528,519757.38481104356
1529,546583.7267293725
1530,418400.83436911297
1531,343939.69525896054
1532,240957.84538130448
1533,476201.38987612096
1534,501943.97544896
1535,353501.03650699585
1536,977468.6966647422
1537,433261.8501757375
1538,795220.0044585513
1539,697455.1480053909
1540,463341.89630730194
1541,713930.2110537305
1542,464547.29409696884
1543,374032.2526445118
1544,448881.17274689005
1545,301576.8162454226
1546,420061.1522058217
1547,245001.62303009728
1548,498535.51131269464
1549,396628.7063826917
1550,282359.98191094556
1551,291428.6088959074
1552,314879.91228335357
1553,325738.0293014596
1554,574466.357821546
1555,520018.0943559684
1556,433633.8940882917
1557,374169.68030730286
1558,426608.50906679634
1559,579248.6892386298
1560,630649.3593084421
1561,568155.8521821419
1562,283461.58388923405
1563,454156.9240002147
1564,391835.73060098215
1565,216475.27343807535
1566,229332.52657364274
1567,383252.08623618464
1568,250752.11000403544
1569,377354.9458668967
1570,736469.3453026142
1571,691879.4505334898
1572,482879.52895091637
1573,450577.724045472
1574,409318.0894164161
1575,231180.3902874387
1576,561566.8424320391
1577,361612.34079264745
1578,663611.6606225992
1579,303857.33441669366
1580,607118.9528937235
1581,286989.95046195417
1582,395463.0332083073
1583,263365.1340495352
1584,289027.21854452224
1585,1218093.3364422065
1586,412169.0528291914
1587,340131.37919122505
1588,313897.72784312017
1589,399493.1818083648
1590,292488.1970492422
1591,384469.10802002787
1592,1227455.5953556055
1593,255326.72948615716
1594,498398.01211095613
1595,313472.0175236482
1596,308557.3567396786
1597,542376.3537368946
1598,316714.87481472443
1599,557565.062035976
1600,635892.7958725303
1601,343686.0839793355
1602,719381.0304512143
1603,342535.8750825702
1604,392496.20830742223
1605,259324.4936487066
1606,421760.947132667
1607,292081.5734155525
1608,352020.96904414793
1609,496417.8241670271
1610,296977.76872785453
1611,315782.8802174314
1612,435442.2598687539
1613,205860.70057948725
1614,440731.5298696617
1615,235595.34063722703
1616,392276.88765190955
1617,581727.9911101919
1618,248516.7694418958
1619,299720.04290269583
1620,506462.4998981375
1621,811872.9417163818
1622,675884.1193614567
1623,264541.3653346627
1624,665839.2800683642
1625,264802.58556178364
1626,305127.6662109975
1627,308568.14242317434
1628,475473.98436029616
1629,466345.90399676014
1630,357225.1273421778
1631,364448.9348474098
1632,343871.24338480365
1633,471885.20969036105
1634,462733.7382411792
1635,296526.0132787423
1636,668081.8708835656
1637,248720.13347883636
1638,346572.64702594344
1639,730929.1534381735
1640,306785.40627833264
1641,412508.60029630526
1642,609455.2952859377
1643,320752.34934187174
1644,380633.93520919216
1645,564129.12165251
1646,309750.9278903995
1647,315915.3220565441
1648,238159.20377475425
1649,232161.76152601995
1650,426745.5581322143
1651,817825.4082567191
1652,274536.5733336025
1653,356092.4020143201
1654,323466.78882633935
1655,468366.18736998725
1656,234791.16615909437
1657,367083.762806661
1658,585952.7629525044
1659,389211.94720904005
1660,367273.9818318137
1661,473625.86142536043
1662,374423.0495199582
1663,368997.0020074707
1664,287908.2336204655
1665,642794.0120413158
1666,303931.4706302516
1667,488522.89138516696
1668,476197.01813278615
1669,208264.63601537354
1670,246925.84772486115
1671,593376.0737036867
1672,451292.5746370295
1673,269468.6224105565
1674,579310.5544413787
1675,337375.45938807324
1676,452426.259382278
1677,470341.0779767836
1678,623448.7077950923
1679,479466.13978981075
1680,341216.28411990154
1681,588549.8695022295
1682,279111.5964277409
1683,457652.49288542615
1684,519936.19624216144
1685,2581314.1102173002
1686,482902.88328342326
1687,684465.3715675515
1688,474089.5032563524
1689,416812.5762280733
1690,863471.5444371075
1691,330944.9856123172
1692,756257.2137099317
1693,291415.9948405546
1694,650252.7774043449
1695,256227.11856638588
1696,273864.34050698363
1697,332100.2902723205
1698,313160.6062368692
1699,473747.8167832258
1700,260245.24035987954
1701,678923.824126985
1702,678923.824126985
1703,383246.11613484274
1704,270610.43487987615
1705,223267.80350228134
1706,422597.2284669885
1707,229406.02959006096
1708,255482.85527900554
1709,577932.3515566007
1710,534024.1842940496
1711,504099.33051697357
1712,218972.38365906902
1713,445358.8994089327
1714,378987.8135526081
1715,260315.95548125077
1716,265311.57048996474
1717,739251.022087082
1718,365829.8138385507
1719,249697.94690062338
1720,921801.179652985
1721,407450.29328819213
1722,354340.35772704426
1723,403358.08059442876
1724,524048.49824398523
1725,418464.940892125
1726,309855.349826497
1727,1673255.3073253324
1728,243240.06466917341
1729,337609.93617804255
1730,349028.12665807805
1731,269569.85063115985
1732,421714.71610035776
1733,498083.5672287142
1734,577730.5009190455
1735,378837.9983495411
1736,473833.00788702175
1737,435128.21180282097
1738,204248.3284849638
1739,599792.0200978323
1740,327913.89717328915
1741,566166.6462391994
1742,668453.812805716
1743,500218.42801915196
1744,250753.92895823438
1745,559356.7830611467
1746,296938.9364936951
1747,410975.1694248082
1748,374335.6641446548
1749,488518.6274278775
1750,279353.4894513403
1751,637815.2893451274
1752,343886.00253660016
1753,595528.5810544421
1754,445180.0013808475
1755,364436.7926760149
1756,733189.8689215229
1757,342670.6569544271
1758,226751.57334537455
1759,332243.1025768209
1760,515766.03593346867
1761,258361.31511080067
1762,276968.24941302
1763,798305.3080354045
1764,213129.86166601244
1765,675897.8022087938
1766,392297.14335631835
1767,328406.30406210927
1768,300424.2292235867
1769,323349.1223854643
1770,350477.2117049452
1771,249801.9677878528
1772,279101.1056327471
1773,536711.5557218061
1774,573040.0221972619
1775,407993.62684620096
1776,365849.0113725672
1777,577462.9047778258
1778,660709.7178479828
1779,352040.76396079623
1780,342030.67796234164
1781,349233.73352926184
1782,549067.0043323219
1783,300335.70380076446
1784,327160.4651416868
1785,272699.4557447728
1786,216452.59163286805
1787,300407.35333491693
1788,738830.7285069023
1789,279020.0341789234
1790,807741.4921722953
1791,294697.50765810395
1792,300297.8551231127
1793,750830.5605912668
1794,418973.1291997972
1795,602589.7189595351
1796,340029.42968816217
1797,234796.44424021477
1798,883222.6615092839
1799,357709.1044028935
1800,216470.40931840494
1801,1280656.2654025212
1802,239587.5632860635
1803,523986.7614585566
1804,374445.938283171
1805,375471.30402628623
1806,409221.66375545936
1807,722596.4700622384
1808,202683.6948972916
1809,423576.82894661126
1810,255228.80337672547
1811,768714.5625724455
1812,745319.9184828133
1813,285691.4431330029
1814,380408.1809011404
1815,280209.1355293082
1816,423327.5658031177
1817,498674.7386847075
1818,697543.0441970075
1819,676848.3874179489
1820,552876.845234161
1821,301564.08854667953
1822,395319.5069750328
1823,386563.6871609613
1824,590545.1387711627
1825,280179.7566681249
1826,399898.36269841105
1827,719160.4676699013
1828,240927.05520771732
1829,606792.192102129
1830,237531.4231637388
1831,308340.54681672057
1832,280717.5795848184
1833,492343.4620823739
1834,374192.7941540769
1835,380273.69637786027
1836,243740.68792611832
1837,507813.76108029677
1838,303967.7183178854
1839,252382.78281807218
1840,555025.0031394988
1841,280206.52299444855
1842,668490.5589805812
1843,581202.6434995054
1844,350632.704401118
1845,388093.2243975407
1846,245000.814581696
1847,319914.6225753631
1848,243650.80327853552
1849,544051.730156153
1850,432092.3764880484
1851,348170.4468116915
1852,673644.6174849288
1853,330856.73769490194
1854,457928.22110306623
1855,623376.6419415334
1856,305121.278179149
1857,346299.76354656555
1858,1648074.9807557184
1859,537874.9589996692
1860,305981.8353074519
1861,399826.34238409076
1862,655915.8454065693
1863,548769.6617526809
1864,500067.7550886677
1865,387441.3884478488
1866,1077082.3897329096
1867,258209.76304719187
1868,521825.1956559506
1869,313488.13655656046
1870,461152.8007942596
1871,417004.46644382505
1872,345342.69821898866
1873,399611.89920778957
1874,346983.5359968196
1875,296977.9932768925
1876,498395.1750996453
1877,272054.1074034254
1878,377371.60102331586
1879,351969.36710033007
1880,268550.88195992075
1881,260342.33666638326
1882,640893.6975188251
1883,231172.1843722444
1884,264990.8808214156
1885,332516.3978403978
1886,352405.0420893949
1887,435488.79701112985
1888,563996.936315685
1889,425062.35599075333
1890,404584.7132387529
1891,650815.0245711721
1892,404687.32957228494
1893,343642.6877240173
1894,700165.5466333571
1895,326232.45983891457
1896,312296.8399327558
1897,265643.91087601933
1898,604394.2553864693
1899,309852.02368371235
1900,559644.8310689685
1901,410929.71745683515
1902,301717.73262213834
1903,285671.71285428054
1904,470012.4799151426
1905,337017.73623086215
1906,572838.8996841975
1907,705685.3273144255
1908,279122.63275298395
1909,420360.05196155055
1910,403171.72918682994
1911,774743.748309488
1912,572325.8050094796
1913,555127.4638528732
1914,329669.60381250875
1915,653134.2368017805
1916,606855.5746379257
1917,349280.3604706967
1918,377367.69425770047
1919,365973.5330671541
1920,365973.5330671541
1921,250488.4541901228
1922,387523.96636761905
1923,486661.5885600504
1924,498076.7528186501
1925,2444894.7876621564
1926,323353.3122553074
1927,390570.66517531354
1928,483102.47874661273
1929,329332.30914685904
1930,768332.6613284237
1931,284460.47694068344
1932,531941.0513874004
1933,355131.56987832393
1934,256387.6932441358
1935,209863.3274437412
1936,1106360.5976895313
1937,353325.3506136939
1938,313363.7963808731
1939,262360.0083184835
1940,360388.80894505326
1941,1531474.2556341712
1942,293582.2087915155
1943,623460.4713670543
1944,230406.88865506565
1945,459385.23146983364
1946,922138.288881976
1947,276845.4630045383
1948,344222.3217452287
1949,566061.2891974545
1950,421060.275133974
1951,602866.4733009331
1952,422191.79849956755
1953,599770.2451916055
1954,552971.8708494739
1955,404161.6943991692
1956,318282.2140113746
1957,274838.39946893783
1958,360715.3241319513
1959,209047.50770293007
1960,292542.4540342442
1961,626456.1783731304
1962,299804.65908532665
1963,814562.7089017418
1964,538823.0841238953
1965,817856.6002821581
1966,399609.5937195872
1967,532169.7950965088
1968,570329.1278790333
1969,247923.9288248882
1970,1023900.1385707865
1971,281533.5701968475
1972,1148708.9250096607
1973,423831.34025040065
1974,414095.55456079607
1975,262342.6379385583
1976,224134.0443696652
1977,329581.08259076753
1978,401069.0012385339
1979,427155.5042079143
1980,727476.5674742518
1981,339886.4223238814
1982,711502.8890919705
1983,330822.2546668341
1984,703690.2922930876
1985,420553.0607088359
1986,846178.5241637825
1987,323485.17963330244
1988,380265.2348624804
1989,247901.95732663685
1990,368715.7718543041
1991,745335.4422728893
1992,377421.5751356777
1993,230893.47715525347
1994,301455.45278619294
1995,276850.43304758286
1996,577069.355813442
1997,221547.33383448317
1998,286926.1004473112
1999,394836.4588787719
2000,301599.84774303366
2001,353055.9595433044
2002,446904.2065439611
2003,286810.25865666906
2004,285553.2416269016
2005,328016.72026399436
2006,388793.4398044051
2007,607015.4404055107
2008,538126.4509606046
2009,243135.8608687217
2010,335882.4898705476
2011,250450.61236137888
2012,769272.4394531231
2013,404912.0862528284
2014,280206.0413476884
2015,437150.0596602385
2016,310977.83526923344
2017,298174.7789312012
2018,333384.56281545106
2019,308742.44232312974
2020,565956.2416314714
2021,337435.91601023346
2022,250476.6446786912
2023,494632.2622986084
2024,266702.3997145478
2025,643293.148450003
2026,294912.1209845661
2027,405880.54906799353
2028,399858.11546298553
2029,532032.0270356039
2030,364436.5283225007
2031,276889.4639976937
2032,440784.6633378318
2033,653161.2758609564
2034,873435.0831267993
2035,633207.3170230049
2036,292449.05354496284
2037,820749.0027839477
2038,492319.6122659351
2039,340025.4383293077
2040,808351.817132852
2041,435454.57533822785
2042,329834.8962096727
2043,420174.4766510427
2044,1106179.6445547927
2045,262360.67765763385
2046,262360.67765763385
2047,420599.47099380335
2048,546612.6199619094
2049,431012.0659762649
2050,500024.11947760097
2051,602128.6852654534
2052,312158.9963608931
2053,404778.112526304
2054,260053.49608643955
2055,645535.013075507
2056,250446.32228046993
2057,299254.4688521994
2058,349255.3872680518
2059,676318.0500562938
2060,274846.5909635527
2061,949287.5669177512
2062,467126.18872648437
2063,312285.2332395267
2064,308747.2955789588
2065,536255.9908854617
2066,560478.0959690907
2067,984477.1398127293
2068,332213.07530771155
2069,300423.8230100899
2070,519803.91184953734
2071,291242.63853808644
2072,663623.3596911473
2073,487107.4157815352
2074,324592.70237537345
2075,711651.3044850196
2076,515731.76369903336
2077,272758.722354571
2078,320531.2728342735
2079,349237.7569088147
2080,317629.20071654615
2081,343865.96037478663
2082,315872.41629553324
2083,283364.68840688834
2084,468491.55555288505
2085,300711.40427824255
2086,488782.35590774176
2087,291533.1570149133
2088,290025.7713902166
2089,370141.1445738223
2090,392284.36690651963
2091,669272.8404449358
2092,399652.841154037
2093,483468.7999025212
2094,225005.19150253286
2095,315383.3221781426
2096,384341.11400914367
2097,734537.1177601689
2098,282375.76172788785
2099,623458.5520215391
2100,560334.8878261932
2101,300438.1880635831
2102,311218.4211379136
2103,351980.39421506226
2104,397956.9321053341
2105,568149.2628201756
2106,426623.06259087624
2107,548651.8042062173
2108,466383.89701519004
2109,392442.8749488482
2110,291704.6690467692
2111,286919.9300799336
2112,671103.918777607
2113,887000.1997914921
2114,354681.0689888069
2115,244990.4015518688
2116,301581.959762265
2117,479376.9284686495
2118,441761.5699227417
2119,301471.35933039803
2120,431605.702865516
2121,252709.63171774708
2122,271554.66567624954
2123,279123.38902764505
2124,410674.01633358514
2125,488819.20237369864
2126,266559.52742612857
2127,235704.8808378216
2128,415380.1879338239
2129,577065.3047978557
2130,551051.225729168
2131,464551.8789460689
2132,255347.11149571202
2133,481293.6051226774
2134,226744.3650397071
2135,562270.6815898592
2136,319655.1398995704
2137,498970.8318889007
2138,230354.5746850856
2139,490166.7504753203
2140,498535.70613624586
2141,526429.8023732988
2142,543445.4607863144
2143,886440.4326881878
2144,900764.9614950803
2145,570642.994205182
2146,392236.85589028546
2147,310984.34644688526
2148,259042.62815703556
2149,579246.2701381447
2150,384706.87085902866
2151,368872.74344719644
2152,342680.8901498989
2153,703223.863400598
2154,444972.58498719474
2155,343869.1538445193
2156,1406225.041516548
2157,256322.58395475955
2158,269809.5614830215
2159,400960.19673884596
2160,774784.9372726253
2161,313435.1366465573
2162,220261.2624036899
2163,286778.00983012473
2164,633245.8130663426
2165,551085.0067427485
2166,392555.2202988081
2167,274825.31478869275
2168,360561.6775160147
2169,290965.5329344429
2170,353518.1358602148
2171,1185141.162860969
2172,431841.3953143133
2173,502222.62617007364
2174,570774.9666818542
2175,412249.9076619588
2176,804648.4146155777
2177,410931.5127621286
2178,450165.952121873
2179,445214.4796117341
2180,320768.2873741601
2181,548921.6175465928
2182,235733.99066277797
2183,263260.60949944623
2184,450404.59218224
2185,294539.1576179438
2186,333625.84232247534
2187,351967.00486098713
2188,278311.5268928375
2189,984455.5155753479
2190,327174.2220750913
2191,364446.07292017253
2192,262351.23490917246
2193,570339.4458337945
2194,856710.959117615
2195,530027.2299388944
2196,399497.25825958
2197,313505.8442132047
2198,295818.1624031861
2199,306206.7930877378
2200,488868.4324886368
2201,270600.6628486012
2202,792633.6699944983
2203,423627.18834769336
2204,280195.07659707597
2205,232698.2826458107
2206,365843.7503367943
2207,244988.65158859515
2208,247919.76354857642
2209,319614.33139984263
2210,247458.00308213034
2211,358812.389446638
2212,502151.27998741565
2213,360901.6297832263
2214,500561.67218517343
2215,530099.9965367126
2216,542584.9284027623
2217,502747.24107929866
2218,609163.6534333316
2219,351940.42150625394
2220,358888.18744946533
2221,378846.80923590116
2222,248518.32337664408
2223,405698.1734249303
2224,460162.61373935913
2225,228503.99117662114
2226,351943.80839823466
2227,312152.68232914055
2228,438568.30589107645
2229,335777.69376617967
2230,284447.8714519775
2231,295809.52789000707
2232,401310.4243670071
2233,321135.73287693714
2234,308559.61470965046
2235,363507.34291104035
2236,618729.224809705
2237,863546.6513450983
2238,502527.88299395406
2239,1064105.0237997756
2240,357227.0777537032
2241,1195209.869664528
2242,319603.9060857851
2243,272706.9457901725
2244,433788.14220370504
2245,407274.39331814606
2246,307351.52288852504
2247,553572.8857403173
2248,334667.1240613787
2249,205040.2104359591
2250,481270.41935315635
2251,213977.746124741
2252,505625.1414868914
2253,293600.0144811902
2254,336009.94829985837
2255,231980.1929215556
2256,271538.12434685184
2257,635364.5058498417
2258,422263.18134461413
2259,472028.30955151067
2260,287797.79100653663
2261,353487.0820402606
2262,365840.7982968013
2263,365840.7982968013
2264,1326330.7606694996
2265,466350.80873848806
2266,479167.21470289165
2267,328255.62281463674
2268,426685.2103006991
2269,244695.4984268995
2270,423379.1220837456
2271,395116.16330762196
2272,1035280.0315563409
2273,288171.9429160628
2274,1610317.5663422805
2275,367566.7169262324
2276,477612.463876559
2277,274977.84948190034
2278,404577.8526469778
2279,501896.7944458747
2280,260234.44889243884
2281,559685.1996573316
2282,299129.4417078876
2283,440087.6700191476
2284,214807.2393036319
2285,440559.4169770036
2286,534613.1971075292
2287,338754.5291114414
2288,214798.58243154595
2289,527586.39625858
2290,466373.73502106254
2291,353048.8435980018
2292,244698.59441946427
2293,814645.6470920356
2294,310591.12426530337
2295,261375.3481851322
2296,249481.84676910753
2297,640543.9207629786
2298,301451.6890205609
2299,293888.9680959418
2300,284570.2749229517
2301,378611.7723288407
2302,266817.2270484241
2303,296722.7382748719
2304,840820.5111280082
2305,377351.67530055146
2306,470253.9866212762
2307,219832.26946400106
2308,264396.65213658457
2309,330805.79056532064
2310,478897.13287325006
2311,303979.8991661927
2312,512059.64948188845
2313,257809.0482821001
2314,308559.89736891194
2315,490172.50446265325
2316,317155.97533262975
2317,719413.4348514228
2318,347994.12410568516
2319,440453.78509659687
2320,348992.63194603275
2321,796450.4495550327
2322,450344.7138774357
2323,879888.3033563849
2324,714258.2623244283
2325,411429.5898501284
2326,307485.5001273628
2327,271541.9230526541
2328,244690.17578359958
2329,681795.9922031236
2330,897092.2680570371
2331,279101.9502626541
2332,341331.0414860586
2333,300310.10052156856
2334,599709.0173287989
2335,719122.4872051217
2336,1176299.2788376918
2337,343696.3163913471
2338,313167.4123892904
2339,602964.2127912153
2340,621397.0002812222
2341,303823.0752590464
2342,349027.5686901616
2343,406000.5975940004
2344,450329.15149632323
2345,616500.899911894
2346,352878.79354280466
2347,468623.9356294385
2348,713899.5984296076
2349,443839.0401136595
2350,416490.1237188154
2351,684498.360693225
2352,438522.5405881445
2353,856324.4505923433
2354,449200.12179250125
2355,371160.4861778205
2356,350380.677049014
2357,1031305.958451635
2358,340860.7253225494
2359,789448.19658689
2360,286062.238025741
2361,566328.5114901114
2362,399668.9471831143
2363,427331.3345102755
2364,339665.92435755633
2365,364571.41324057267
2366,557849.8537335204
2367,678966.8183921325
2368,621098.095696362
2369,342308.28387687006
2370,292099.82116818085
2371,372756.8817060068
2372,260365.68897521764
2373,543028.8392153118
2374,350726.0516212184
2375,256054.1717292697
2376,385075.7748022135
2377,595454.4131619245
2378,430357.84377841733
2379,329005.464602091
2380,1367406.431445252
2381,768322.4985465055
2382,625531.6005720538
2383,365592.0794350343
2384,250442.9897133481
2385,339081.03867250285
2386,533277.6033259194
2387,811975.3299902591
2388,343486.7092057688
2389,645933.7366601683
2390,414156.1343850396
2391,984889.426954128
2392,726649.9533405552
2393,532569.1021648528
2394,742377.1174620594
2395,765066.6650962938
2396,635597.207964115
2397,325533.2405486423
2398,282256.50959580095
2399,481393.7438610221
2400,333145.1065062337
2401,377532.7725621189
2402,321775.80413120845
2403,579964.3762376
2404,424218.53802792064
2405,340126.24057746184
2406,431823.0889285866
2407,284451.0563795199
2408,565995.4270003537
2409,521961.6350185724
2410,330580.9992920665
2411,361367.92536044633
2412,489565.4197240874
2413,450327.82880508277
2414,493999.2120184048
2415,272441.08953664213
2416,385800.98345764703
2417,638022.4270119951
2418,988672.1098176563
2419,1051388.2566002952
2420,655600.0329410357
2421,455864.63315315807
2422,318952.4517202618
2423,302451.67834425636
2424,502260.2817992084
2425,344831.58572737226
2426,496983.19075986446
2427,318054.4286899266
2428,628348.3222379585
2429,626027.109415455
2430,484921.44519073475
2431,722616.6239040176
2432,555030.2019473106
2433,448589.558830244
2434,777106.0525412838
2435,747587.7511763114
2436,684531.3581611409
2437,281186.09829224274
2438,354312.70699192595
2439,771727.6774431329
2440,322869.7097879972
2441,995202.9715138626
2442,257445.57845041406
2443,648422.9045338711
2444,261623.91869409697
2445,579964.5234408921
2446,965681.3338620606
2447,395239.8745800117
2448,238153.73501840088
2449,475660.8860134932
2450,466164.73170534184
2451,361407.3070872015
2452,238146.73197250167
2453,969712.553836806
2454,546596.3347453014
2455,435179.3814768973
2456,673610.1300529252
2457,500050.66247931565
2458,697418.7925073714
2459,281163.5822218909
2460,302303.55830638175
2461,1237086.258835352
2462,687455.371618798
2463,766128.0617347766
2464,392837.510377376
2465,494260.74801712786
2466,427276.31792281324
2467,371160.1297908085
2468,893727.9200754613
2469,826634.5414075813
2470,372374.1858214375
2471,371306.77424345625
2472,291274.47675924393
2473,570569.7961313238
2474,1739137.3396944772
2475,250649.92656869182
2476,643143.5082363904
2477,550519.243138842
2478,468442.2614714661
2479,283382.640799431
2480,687078.5666022929
2481,371179.91759518173
2482,365448.46200121753
2483,300458.17442580493
2484,402963.1386016362
2485,717327.437653576
2486,553511.16628485
2487,1195161.1201448839
2488,361221.09315933817
2489,783722.115685188
2490,631081.717532983
2491,907966.1429465686
2492,395014.98389311426
2493,361404.36575633526
2494,466586.3319536436
2495,502722.5158609376
2496,272605.47498288314
2497,343692.3404240046
2498,435546.37593548675
2499,577239.1359010418
2500,869273.6671349566
2501,362468.94242972956
2502,336895.65339405107
2503,829862.2274015145
2504,341019.1578624845
2505,289700.9458850725
2506,393462.1087277333
2507,376277.9896697157
2508,492795.7598274891
2509,530125.1722513665
2510,360405.3818640429
2511,334293.92078694736
2512,548954.2211263215
2513,658438.8169498806
2514,308706.8698521987
2515,340795.6126050642
2516,658767.7377007412
2517,313527.1573655922
2518,395012.6927813012
2519,836759.0193645856
2520,525760.8949796839
2521,950613.2167618417
2522,437067.23660291574
2523,525838.5982041062
2524,1035240.69453637
2525,287889.88218200067
2526,717075.2203307307
2527,364199.41214066715
2528,562137.0033551016
2529,663545.3430455093
2530,304406.95894144237
2531,442656.59676663537
2532,336895.68068259576
2533,1400172.9405353165
2534,423136.73955308396
2535,1560548.3631977614
2536,337287.8872317531
2537,548927.674993365
2538,557191.8347193201
2539,561555.9009167654
2540,393378.4633238912
2541,833815.9101115457
2542,521697.93511038175
2543,742102.3718112615
2544,412262.3452298464
2545,455932.6224780935
2546,443751.6369010992
2547,992598.5871685174
2548,395012.9190637424
2549,532378.1433742347
2550,387979.268991799
2551,508455.8918024987
2552,629959.6115563862
2553,463708.57847329206
2554,808140.9637529257
2555,364156.85103293747
2556,370108.18933164055
2557,692524.3038243668
2558,1163176.694385113
2559,671067.4779917408
2560,640897.7914272898
2561,540569.9476465163
2562,584816.0010632598
2563,318060.57154632243
2564,330980.9717330508
2565,464728.6159048841
2566,1261847.170949734
2567,679159.2818214138
2568,4109769.6085757767
2569,789959.5657862809
2570,319632.63929941907
2571,468904.64686774154
2572,519777.06165984785
2573,369681.9684621207
2574,397023.024461547
2575,506078.1397628177
2576,321755.4545742474
2577,302763.8894411514
2578,557501.6513285436
2579,501804.46800012543
2580,552985.5773705121
2581,484769.2957877287
2582,348828.0322240159
2583,296986.3076940611
2584,460583.36950100807
2585,433305.3857650496
2586,1031805.9707827618
2587,487244.2083976629
2588,464752.1174357226
2589,1097201.7323134996
2590,318578.50464547286
2591,808104.193611545
2592,355705.092878612
2593,335623.3445381953
2594,433766.88503386884
2595,266436.31274012214
2596,1171821.4633989702
2597,817066.6986126169
2598,452415.5341996111
2599,452299.1897578856
2600,626213.6836134463
2601,353118.71676880104
2602,561919.5857466386
2603,329935.88236912293
2604,354992.44732846133
2605,745246.2998807185
2606,766130.7544158233
2607,385950.6957381238
2608,468390.09149792464
2609,358621.6421857351
2610,295819.4375438309
2611,518052.40149676637
2612,565981.2644417827
2613,397902.7115663077
2614,404081.1087271711
2615,418923.36947769875
2616,381377.94858125167
2617,962188.9079902393
2618,600019.984857216
2619,348975.63715489075
2620,367597.11867657374
2621,581728.3447743931
2622,466368.2953858517
2623,492558.84696163714
2624,288891.9141334008
2625,439246.124635199
2626,750683.8690310579
2627,643142.6987350086
2628,395636.68406332145
2629,338579.5305724044
2630,572289.9583726894
2631,351571.88170838595
2632,331872.7528158479
2633,309424.27697101777
2634,381341.709103336
2635,321742.3300696844
2636,550011.8965230467
2637,276656.4545942203
2638,1197049.2947776942
2639,321755.3875751114
2640,399082.2452176617
2641,418668.954963143
2642,671402.6531635704
2643,280407.3582252371
2644,532393.2080856899
2645,359959.7711649895
2646,372606.5942956087
2647,540199.2324477835
2648,465473.90177700715
2649,280099.4556935857
2650,640848.7427749387
2651,562135.6476035676
2652,441936.3969550752
2653,346169.70037676435
2654,542247.3255812693
2655,568414.9707333759
2656,750683.512348342
2657,475831.0142995495
2658,798636.6287789558
2659,330439.47024221416
2660,765491.3362284873
2661,500740.2029731711
2662,394855.99493049027
2663,300165.6388276045
2664,630704.3780782727
2665,692580.7456948927
2666,802175.3572002192
2667,391810.3008326659
2668,497849.70574431843
2669,742083.3067700583
2670,284560.73124240205
2671,911138.5698362347
2672,403033.3273398216
2673,730664.2232173322
2674,548631.8540095183
2675,270496.9788268797
2676,420940.2417873155
2677,578969.9561657812
2678,525811.4480879634
2679,367190.6694493893
2680,565981.2694035784
2681,445974.96663359273
2682,751990.7103299262
2683,643335.2108411698
2684,435187.3325709426
2685,295805.57975966245
2686,318028.9095486739
2687,840434.4908261183
2688,342173.56700776366
2689,527586.0152102001
2690,539130.5721010744
2691,747465.1898356833
2692,310606.3916406941
2693,331722.28117516154
2694,588496.8186521542
2695,367040.2088073195
2696,604462.3971888289
2697,1154380.5949848942
2698,609083.6691031966
2699,552897.2699554545
2700,399271.86540658
2701,276970.5103602567
2702,372769.535601173
2703,307007.67992507
2704,307435.7594423049
2705,489278.7871345479
2706,314620.518617324
2707,365721.27044851537
2708,256236.9604942667
2709,506076.4808659943
2710,320500.15170818014
2711,330844.04178460076
2712,275808.89458564244
2713,354412.97672361083
2714,692460.8996467853
2715,1222756.2489245932
2716,365247.5819979655
2717,494543.6830724075
2718,371290.42153969355
2719,372776.1798051355
2720,1545403.8130722067
2721,285334.8823673621
2722,325332.6686535852
2723,225618.0508110134
2724,706410.4696121317
2725,290904.7272742755
2726,643306.2799043406
2727,211479.53756317685
2728,274826.559451137
2729,1096655.9876560215
2730,481324.60992611386
2731,350337.9276344035
2732,351546.5889808836
2733,306483.2875594621
2734,384473.8904554314
2735,890524.1047993232
2736,267518.1415502965
2737,714259.7230227828
2738,939286.6935125218
2739,311930.47897076904
2740,500360.64101576514
2741,399462.42226525996
2742,731011.589775136
2743,692523.3750820648
2744,547561.7445504488
2745,335761.08097123605
2746,344806.6258455187
2747,795236.306142656
2748,281987.1766817294
2749,678621.5596967031
2750,475840.02211827354
2751,374200.3132991507
2752,739147.0112436214
2753,379881.09395056195
2754,535101.3999887103
2755,407511.59461399046
2756,514025.1905353783
2757,561551.146391183
2758,689896.1803836913
2759,783504.5757608642
2760,674303.0814187354
2761,363407.54071526905
2762,361569.1747519308
2763,416985.2679379863
2764,416985.2679379863
2765,463273.19469787215
2766,325391.8031399898
2767,311076.3123752589
2768,280099.5339614206
2769,349027.4841087651
2770,541078.7740488868
2771,488781.395625807
2772,327939.4184716729
2773,377546.78250935924
2774,453914.84658174956
2775,338228.6982813612
2776,570362.4956941059
2777,1055522.1787541579
2778,361402.230486259
2779,1208836.27407699
2780,336935.14619136334
2781,703858.3855603111
2782,890163.298380739
2783,350913.8486548418
2784,611850.3994309371
2785,559130.1838645046
2786,468901.2476187127
2787,611448.4322323992
2788,493336.64981227246
2789,483137.28956515266
2790,586002.6567336104
2791,372747.00380124775
2792,344839.5749687979
2793,459145.1628546447
2794,849463.2903274707
2795,1007987.579505831
2796,361052.38557479234
2797,751173.8759415753
2798,334292.83693155413
2799,628912.5779907322
2800,640619.6706958669
2801,524298.6626351166
2802,1199341.0857928612
2803,227361.24288248757
2804,665821.5969233415
2805,269569.2055976447
2806,736661.3003646256
2807,334478.77949748805
2808,804895.2789117739
2809,295679.2189955171
2810,382139.7147241027
2811,714769.1187876608
2812,651123.8229162078
2813,701862.9505355337
2814,783448.9449134236
2815,407274.4662433232
2816,385787.54647824075
2817,461969.0738731733
2818,725019.6954058122
2819,287579.563435815
2820,309424.27697101777
2821,401011.87657091324
2822,362766.19234999246
2823,303977.21673397964
2824,604726.7757522115
2825,563731.9865399417
2826,333008.16212915315
2827,696776.0361288
2828,261942.76430691694
2829,379870.5584578994
2830,418476.6153390828
2831,627993.1541121774
2832,468342.78088611376
2833,537216.0018904997
2834,314353.10408300033
2835,882891.2771115184
2836,823906.8762042612
2837,435187.94107068796
2838,355714.34358098864
2839,534218.5740044751
2840,329648.8855589997
2841,702872.8456653034
2842,323009.16837381874
2843,563792.6271884496
2844,334442.26364595373
2845,345915.716871381
2846,1438833.4272590424
2847,475244.13094791025
2848,457663.6322588721
2849,309756.41101860424
2850,640619.8138468398
2851,650726.1058129305
2852,581503.4437178796
2853,660975.6671451534
2854,804934.2552584878
2855,514269.2384322664
2856,384452.9592458164
2857,343482.0273975258
2858,694819.8914695084
2859,330459.7402892593
2860,293105.51096593053
2861,356419.1805748999
2862,1495358.4697320235
2863,472274.8700014468
2864,1055888.3430756433
2865,371177.1193472532
2866,479191.67997587874
2867,767993.8110844834
2868,238160.2196038096
2869,481393.15119752573
2870,238154.9592909292
2871,973460.7227816166
2872,435179.3721855961
2873,452362.4449729866
2874,365591.9941587101
2875,702953.8187063208
2876,876994.7517611057
2877,433484.31979181804
2878,871791.5612116546
2879,549034.2464026132
2880,742637.4016124097
2881,504094.36710188
2882,603609.4016360951
2883,463707.73725535796
2884,999802.4156748201
2885,496973.70095043763
2886,394898.1130455734
2887,357808.14717581065
2888,650992.2886487357
2889,513752.0418790632
2890,630980.5406899946
2891,630980.5406899946
2892,431771.33062813815
2893,340115.37005924154
2894,943387.910457163
2895,600103.8512341933
2896,490621.95210847777
2897,297769.88913904
2898,346328.4982674144
2899,890136.9329436605
2900,311931.845022662
2901,705977.1982720563
2902,424999.3332837222
2903,611496.4173835815
2904,478216.76495848625
2905,585974.6792037018
2906,694807.62709531
2907,853050.105578089
2908,792579.5393349399
2909,562135.6672344367
2910,455934.2500994709
2911,371111.502002527
2912,422623.33186439157
2913,831233.1273652562
2914,691538.7917573134
2915,716739.7416607033
2916,722647.4381112723
2917,500980.0715845933
2918,454641.6791037143
2919,313040.86217080586
2920,625822.0443248003
2921,412516.6090866633
2922,390100.8641821495
2923,347508.88120257825
2924,635577.0336170939
2925,561937.6392014641
2926,798815.2583509473
2927,395239.85624866444
2928,477538.566661731
2929,355672.2567408798
2930,263373.27544320555
2931,321779.8810943801
2932,357236.753251885
2933,635885.648329419
2934,1071995.1782897124
2935,842833.7817170115
2936,504144.7682052972
2937,357046.0193189653
2938,566253.2816300626
2939,509802.128640229
2940,365441.2224065463
2941,341019.1578624845
2942,590579.0276003669
2943,1395358.5703496013
2944,548893.9504013759
2945,366682.0282153742
2946,668500.2602991094
2947,694868.9578023613
2948,609172.0921321163
2949,977355.7826549388
2950,289955.4766932693
2951,529926.4458769333
2952,548220.7148216837
2953,400400.90350579325
2954,665899.6422627949
2955,588231.7108945268
2956,338237.2691682086
2957,1222730.0860944462
2958,507593.64134235424
2959,384452.67687490804
2960,492316.2382630281
2961,962192.4330921444
2962,753285.1341469577
2963,355821.45664278255
2964,322087.91157026426
2965,543029.6160932884
2966,327891.6603944837
2967,826634.7849460291
2968,516018.92737386975
2969,290003.32138458715
2970,395020.31631831574
2971,750683.2791110036
2972,684697.8126147429
2973,524589.8747168545
2974,686885.8185607439
2975,564290.1478871392
2976,339535.0515771892
2977,1332585.7248600319
2978,449555.62452362065
2979,386210.0006005384
2980,530186.1929496272
2981,465008.38070901186
2982,428295.0006741102
2983,254239.42914034653
2984,367601.3044996907
2985,981101.2063110336
2986,267362.46400301566
2987,321622.68277909956
2988,736295.1295568091
2989,377545.4375632063
2990,736428.184864936
2991,604013.1347964477
2992,353118.57115577254
2993,521974.05636393843
2994,377719.7784873427
2995,498344.58045885473
2996,389166.8265580902
2997,391089.8987462048
2998,579817.6630705585
2999,307487.80021881557
3000,911455.5110762648
3001,338870.24008962343
3002,420081.9193906587
3003,253262.5018106396
3004,353825.3664132184
3005,1266600.492955508
3006,1755998.846042053
3007,311106.7346719362
3008,389326.14030377846
3009,319245.49502811395
3010,300125.58607531583
3011,710249.1540511424
3012,621390.8172536459
3013,540749.979020464
3014,292281.6593207407
3015,733436.2408013582
3016,369877.9220008626
3017,381148.3255565865
3018,326796.85697487515
3019,829817.2147937986
3020,470769.53303031175
3021,355803.4805819318
3022,335625.15536332177
3023,287891.06395232247
3024,328480.12092393974
3025,626141.3560824853
3026,490462.2925723087
3027,483152.3058284447
3028,459469.0746888925
3029,437067.23660291574
3030,338777.3838878476
3031,297105.55836547835
3032,1084955.4298864275
3033,394898.0541599138
3034,389158.2050213059
3035,1092861.4962299105
3036,1699177.4885368356
3037,524191.3326539927
3038,476309.8108870215
3039,404431.52528165904
3040,581897.6795836131
3041,635810.8923876947
3042,357235.99405492435
3043,468906.71185696614
3044,367592.6228376337
3045,272605.5212141122
3046,454030.3594246327
3047,316794.3871301732
3048,270590.8821088032
3049,469531.35073098884
3050,976832.2611030499
3051,762511.5625732911
3052,1035234.2416707182
3053,630399.8971361195
3054,716317.1920647393
3055,929280.4580634249
3056,414312.6171072006
3057,308205.8507747412
3058,371498.7244769985
3059,795723.6300381913
3060,655658.5449826163
3061,298821.4638724783
3062,373874.6472306399
3063,420482.81183221337
3064,502425.0400970184
3065,768506.5357288944
3066,278053.22089178645
3067,658144.5822612692
3068,511994.1652608543
3069,428461.5001679294
3070,312266.74347356526
3071,364156.849103983
3072,548730.9130541285
3073,713933.3440202125
3074,342300.60505627265
3075,468904.43245097325
3076,517955.1907779939
3077,319143.29005459225
3078,658210.8061033214
3079,792175.7442647953
3080,747598.268604941
3081,739338.5999098185
3082,238154.9592909292
3083,656040.1537078476
3084,412226.67494594544
3085,719468.5513255723
3086,756661.6683551198
3087,588577.8946097477
3088,856298.0163099531
3089,458335.1067094589
3090,358457.93842454033
3091,1097200.9595889046
3092,346328.83095064457
3093,347495.5528577794
3094,250648.71989019174
3095,371498.83316833904
3096,302051.41956857755
3097,371179.91759518173
3098,266341.089408065
3099,333007.73215669015
3100,302917.47779940383
3101,663239.0572447936
3102,550733.3342793768
3103,499775.6352627404
3104,341018.89163997857
3105,208242.6554088615
3106,973066.8844445157
3107,553250.3209038044
3108,469753.8123377804
3109,673324.6459244458
3110,239068.55437457573
3111,395239.78344259877
3112,534306.4026180957
3113,282378.5980639258
3114,669648.2299122863
3115,407414.395925431
3116,472170.0283827489
3117,981026.2473268448
3118,354323.14915229555
3119,371160.09330053616
3120,238144.6610887537
3121,577959.3262795162
3122,408906.37693289906
3123,318037.64745570044
3124,609093.1170638913
3125,369894.59013544477
3126,318953.38337905804
3127,590838.059204567
3128,936164.7000992366
3129,399467.29699780716
3130,404152.0615141395
3131,937229.8640064658
3132,774327.951064992
3133,391089.8987462048
3134,442658.84245160536
3135,1218394.8574567575
3136,798350.6529676499
3137,384904.9135381254
3138,725055.6354149999
3139,506127.050347213
3140,655618.2455177003
3141,437066.96967607137
3142,319498.0638015203
3143,365443.5347737699
3144,1031890.299985908
3145,608126.5305982282
3146,563747.0862322028
3147,319299.730209335
3148,692522.3791068537
3149,540209.1746178553
3150,321742.7644257238
3151,2621409.515425946
3152,362767.36427972285
3153,333192.51976580103
3154,502061.24335830344
3155,361498.03828517144
3156,341496.8982834401
3157,290932.4747180864
3158,347492.38259221386
3159,301475.9863518369
3160,549014.9583907423
3161,660668.1034627259
3162,2466289.967688778
3163,557232.7114363463
3164,321612.90338749666
3165,722276.5932079012
3166,306276.7645623529
3167,581400.1771732607
3168,1186062.0186449024
3169,323356.8020137241
3170,1572552.8426717604
3171,526026.0182050922
3172,259213.2330834529
3173,566159.5707091423
3174,671880.9235401404
3175,694845.2163210372
3176,616225.8492624821
3177,581564.8434259123
3178,877043.110952253
3179,313040.8830035828
3180,300310.24804655893
3181,2317973.11888132
3182,712200.8833252758
3183,542398.9540103798
3184,335778.0010983323
3185,371159.5803667096
3186,334479.10428272054
3187,315609.8566590841
3188,323009.1265217906
3189,232678.18916834256
3190,314392.3605431623
3191,602714.3702390695
3192,362766.3883601588
3193,372375.23171639256
3194,814809.3208656436
3195,402732.2614591486
3196,506099.58332183433
3197,480791.00126714446
3198,1064345.4641748352
3199,958123.4315811831
3200,282366.67673187784
3201,717076.8454430158
3202,351745.44644635497
3203,689140.5359711683
3204,514209.381366953
3205,267362.9970500609
3206,572791.0461709399
3207,353052.06691471365
3208,348868.27461204975
3209,955055.4604327423
3210,711463.719858818
3211,730443.5578414869
3212,574804.055576064
3213,300310.24804655893
3214,450327.815086985
3215,368311.22611808585
3216,284616.4036561577
3217,366853.0850895094
3218,327883.6704376668
3219,527877.1982355238
3220,337069.69973617955
3221,371290.42153969355
3222,409331.81543270306
3223,393462.91847900784
3224,290833.55274167215
3225,689760.3231666145
3226,325399.2406433534
3227,367040.7161680696
3228,820778.7122582991
3229,307168.8429877289
3230,882871.9302763201
3231,330474.25336376874
3232,581538.9333736969
3233,348984.9904087824
3234,352878.79354280466
3235,688325.6850661556
3236,351588.30063296447
3237,932881.3876083316
3238,298830.4245201684
3239,418613.79686318943
3240,745015.2951381572
3241,378204.1607944077
3242,364565.2991402509
3243,322147.2947655732
3244,830710.6230306226
3245,1118652.2881264512
3246,286665.721417261
3247,307436.6623175999
3248,385837.91275339195
3249,340112.90499192686
3250,327903.242044785
3251,351571.88170838595
3252,739173.931884817
3253,314620.56482841354
3254,310747.43069285323
3255,314250.1027827275
3256,325537.5211087739
3257,337287.5360852177
3258,515832.19165122416
3259,771806.4310976856
3260,305952.4727133039
3261,330463.54088824004
3262,446927.2552315438
3263,498557.63462535606
3264,339414.124691585
3265,530312.827782266
3266,320534.5023250159
3267,324248.0568092454
3268,566226.2010852421
3269,327006.8272334293
3270,771843.2239682709
3271,584769.832067684
3272,324640.2622830601
3273,1864739.807550416
3274,470026.2309574693
3275,351378.47964294977
3276,328018.4381250751
3277,364030.68219238275
3278,325391.8031399898
3279,880400.6981382616
3280,325413.9650051348
3281,327902.86160913977
3282,455898.5748823979
3283,389463.11645159253
3284,256362.7352171335
3285,352149.99833668966
3286,413576.6918076061
3287,579002.5821161121
3288,2236830.2244365695
3289,297105.6962767219
3290,270611.3484923875
3291,296958.2222022196
3292,278261.8850001791
3293,563793.2115965788
3294,463706.86758090166
3295,695208.0642428476
3296,379888.7343151883
3297,548718.718080677
3298,281298.21750113
3299,463522.89264874655
3300,748198.9065109461
3301,314784.6073120453
3302,981051.7374458143
3303,932142.1893174462
3304,358574.28753462975
3305,448829.38382597355
3306,625841.3030781948
3307,317923.0729568177
3308,538628.596834608
3309,330622.3373277283
3310,488837.4683949942
3311,396626.1700454284
3312,709076.348296622
3313,325733.6779300642
3314,311649.245844373
3315,466674.42031777016
3316,422107.36786951957
3317,1222802.597698415
3318,681550.7516547735
3319,795432.4071684977
3320,320860.69345896726
3321,420253.3995583586
3322,256215.51109884348
3323,256215.51109884348
3324,308701.17375722126
3325,522754.8727025297
3326,480117.5395833838
3327,357807.45819059986
3328,316676.4710228247
3329,863091.0787032638
3330,827009.1972474382
3331,333192.51976580103
3332,536387.1722572019
3333,1076515.4012015436
3334,481071.2404191121
3335,883817.0554372808
3336,334292.8355771826
3337,455852.6074133618
3338,324975.3081240188
3339,358444.15153375
3340,307433.9350226018
3341,448828.30298439466
3342,358281.3896710257
3343,498117.220783925
3344,343476.9188300442
3345,777296.2957971696
3346,412900.4369946008
3347,253172.36635803085
3348,318953.3980969098
3349,544950.5527895573
3350,798785.8831915752
3351,494715.62507940084
3352,339702.00244024757
3353,711426.3183658073
3354,696776.0361288
3355,548630.860142532
3356,899947.7564745578
3357,375610.9261690182
3358,667473.5776636425
3359,289835.9710380232
3360,358459.5848052201
3361,789501.9398116963
3362,572858.2675819591
3363,301618.29443022376
3364,334470.1662835889
3365,700214.3943236965
3366,586035.2758042858
3367,395012.9190637424
3368,711233.7017854976
3369,492794.8930850953
3370,300310.732138204
3371,836761.7806978466
3372,429897.2230833798
3373,415526.4761249985
3374,1857402.8214605046
3375,267596.2883988435
3376,614126.7585246292
3377,401652.35089412367
3378,340837.8067755624
3379,555851.7383432748
3380,555851.7383432748
3381,285669.562031446
3382,580876.9244192556
3383,348888.1282933324
3384,1050835.903434932
3385,503918.28656979784
3386,942938.4525848626
3387,366857.4976614931
3388,322087.91157026426
3389,710894.9818658864
3390,334893.4992930115
3391,665835.8323516562
3392,811101.7144880865
3393,570345.4494859675
3394,765630.2395950543
3395,1015404.5916869915
3396,330017.54104015976
3397,336164.8002366886
3398,353133.80344986334
3399,302916.3402162916
3400,396884.783061407
3401,298830.3750578552
3402,365566.04124407313
3403,358443.5430276139
3404,458958.75404399115
3405,802280.4228072258
3406,453913.4711719316
3407,378861.420414805
3408,544702.3971493823
3409,410054.81396967726
3410,549557.7700670756
3411,318043.872554494
3412,409725.2962241272
3413,830238.231729108
3414,477534.07639483793
3415,284260.4559478347
3416,266456.78045319056
3417,440723.35937511193
3418,382139.2306401401
3419,409493.77227912535
3420,459890.2536676073
3421,361217.5869658802
3422,656007.8953831884
3423,446909.51299667446
3424,452438.07686589536
3425,372606.5942956087
3426,409662.3681459007
3427,287899.0426338973
3428,366851.8724592482
3429,544467.8401018508
3430,301583.3956912964
3431,565941.3349478178
3432,736378.1139529912
3433,338362.069132475
3434,413639.9341465801
3435,334292.83693155413
3436,774387.4483040577
3437,400114.9890389089
3438,445622.89023242565
3439,866371.4292905264
3440,602180.4352925915
3441,281186.1769387093
3442,833365.4051545748
3443,500024.0696069336
3444,367392.57887174917
3445,297978.92924039153
3446,318233.5720690671
3447,398038.3843762978
3448,1222742.1404952896
3449,424977.9906580611
3450,348844.59174995776
3451,415426.025533399
3452,327924.553663306
3453,304406.95894144237
3454,285209.4278888265
3455,663234.9428677445
3456,522754.48862957413
3457,262776.2368713574
3458,519985.7479953918
3459,276991.96573555
3460,285566.1856997401
3461,876080.6715669069
3462,353826.437206947
3463,555123.7976942556
3464,703191.8051506433
3465,739277.8214349712
3466,263376.3937751753
3467,490778.36304862273
3468,510268.7226301601
3469,378325.570802665
3470,1136087.4271223254
3471,606817.1934735033
3472,1127341.8590855408
3473,671045.0316397002
3474,427277.95925639686
3475,1246620.4019863182
3476,577015.6995787992
3477,1071911.777228534
3478,644026.0130311509
3479,601895.3249718793
3480,626201.1641787804
3481,359848.16863370704
3482,338383.22060260404
3483,330959.6304650672
3484,490478.8473396246
3485,762771.2229270613
3486,640290.9307638395
3487,279104.75490839477
3488,464335.8992925048
3489,274858.3425755589
3490,274858.3425755589
3491,224746.3525120771
3492,583443.7504874832
3493,570792.9264762453
3494,508114.15761123016
3495,542589.454470058
3496,318971.2716663255
3497,579964.720454707
3498,413576.7223757011
3499,607542.8284699236
3500,552695.2060201205
3501,676194.4663564643
3502,348855.49345824396
3503,431628.9855227182
3504,540563.2180414008
3505,287488.416658935
3506,312132.8946301213
3507,329163.75118126476
3508,404075.0453241454
3509,343515.16320332594
3510,372756.83175245934
3511,483198.82645534194
3512,565559.2428082649
3513,522080.86841880536
3514,604825.5281498132
3515,301611.5597228905
3516,476482.97077978315
3517,308673.611325417
3518,405628.7281733209
3519,846097.8903294108
3520,454342.04595609766
3521,349471.04189314507
3522,492794.626899273
3523,678986.6625666912
3524,392180.80102837144
3525,552984.9733672809
3526,705981.7121640812
3527,308358.2576918263
3528,756633.8133004102
3529,295786.8474998787
3530,320502.6229460574
3531,618712.8174797704
3532,681606.551385717
3533,907573.2116084184
3534,783721.1848638074
3535,502425.0400970184
3536,768059.3960687119
3537,513751.85709906375
3538,650559.9371039183
3539,710769.8796053586
3540,1864744.0600833567
3541,364156.85103293747
3542,387309.7161735631
3543,480027.1975343672
3544,393712.7471231714
3545,519776.60760347365
3546,574736.0103586713
3547,544499.1766892334
3548,2151972.727414799
3549,324248.55330129893
3550,786524.3295652518
3551,1072136.47115666
3552,319143.2434654687
3553,805360.2151941869
3554,392002.06013367226
3555,305987.6684155001
3556,321779.8169210802
3557,581579.8653568785
3558,412541.36439279286
3559,479413.1003840693
3560,588252.375999451
3561,522807.30038637866
3562,872779.1500489478
3563,229100.5565195476
3564,445002.99597367126
3565,327903.242044785
3566,530193.0729456348
3567,508125.1328986523
3568,346156.24976782774
3569,305986.811934182
3570,304683.4651529485
3571,542652.0715054956
3572,381339.874839736
3573,418613.79686318943
3574,771691.8996213565
3575,741738.0790496718
3576,542579.4038770744
3577,331919.9362791087
3578,388921.3392388229
3579,372757.80906818237
3580,358960.6012893261
3581,438140.4956001482
3582,1171825.1607222522
3583,597487.7818711187
3584,974128.9329413347
3585,581813.925821326
3586,372371.97371611843
3587,592937.1988407241
3588,339079.24576511566
3589,395020.5149948849
3590,357236.7724174336
3591,451937.29859427543
3592,736460.3928027378
3593,321755.43202689977
3594,499578.9526858078
3595,371111.6421061838
3596,609188.4304581117
3597,461721.50266181113
3598,316840.3496498678
3599,410608.13907244045
3600,609480.9257326466
3601,347519.91734862555
3602,1585940.9770866306
3603,321779.90275351703
3604,548688.7909984586
3605,671066.0206681902
3606,302916.40505558444
3607,1011906.2576585594
3608,786468.69763191
3609,309756.38396657247
3610,313178.0180972112
3611,452487.8688499018
3612,821419.0192424268
3613,360364.5893040503
3614,381359.4028862539
3615,579965.6397123168
3616,365525.96156959585
3617,269568.9819113915
3618,380461.6470818575
3619,531929.0469960305
3620,409258.32020196214
3621,372002.58914937783
3622,470440.3042626293
3623,293415.59862027713
3624,348867.50192028173
3625,382933.8808289483
3626,310626.5300235803
3627,338759.3882283742
3628,301284.8063055904
3629,509231.0900986155
3630,1131664.498288656
3631,856360.6767910193
3632,330474.25336376874
3633,1977138.4790136036
3634,327288.5504599458
3635,330017.54104015976
3636,369727.0011406666
3637,753709.6512424811
3638,483924.9249287071
3639,381384.7266771925
3640,368418.4259726078
3641,287792.0094594691
3642,322267.5616760084
3643,807776.5577082232
3644,777771.0089777155
3645,384473.8904554314
3646,498567.6094806487
3647,340978.89688579657
3648,317916.0229222612
3649,509738.89708109066
3650,965074.6994915603
3651,320536.90036687366
3652,362767.29918865644
3653,341382.3268536559
3654,774032.3187843781
3655,621066.9580174176
3656,416151.96628350986
3657,315575.42171962693
3658,528079.7878443596
3659,404305.2153569217
3660,310991.1063913752
3661,375437.2176379771
3662,338038.4176125163
3663,677102.6984951649
3664,381335.8531889962
3665,364197.86957681767
3666,621037.5495307278
3667,534539.6900447208
3668,399614.8101781546
3669,536486.0483074804
3670,328065.2075553192
3671,336165.13064167637
3672,218876.51271513864
3673,308036.32270685176
3674,579964.1807100825
3675,300311.2447381102
3676,984121.2230677791
3677,759249.906536001
3678,328375.29687268176
3679,226006.74235612882
3680,323029.3406882188
3681,490654.4802946534
3682,459880.85978458053
3683,1222776.5698196904
3684,577754.1239545555
3685,804843.9019208306
3686,365425.6054735535
3687,333524.27453395724
3688,320859.31086236547
3689,355508.1924861027
3690,362788.3701276966
3691,904415.6369648667
3692,1153248.1049147754
3693,428464.22543422057
3694,497446.607218019
3695,387980.37129780476
3696,287579.563435815
3697,607999.6919644597
3698,697473.3123261814
3699,640640.0059902489
3700,325399.2051072542
3701,451923.7825647846
3702,516001.54567245964
3703,635985.2583559946
3704,347684.10438461305
3705,371160.09330053616
3706,1745026.466787635
3707,679222.8070920419
3708,534218.6974669814
3709,435179.378110644
3710,442657.4342322754
3711,648114.6971178604
3712,357198.8685552864
3713,329186.879156647
3714,395239.78344259877
3715,492795.036620359
3716,304407.19241509825
3717,347499.6573521173
3718,385950.7965068519
3719,780828.555316167
3720,469753.8123377804
3721,648033.6167291584
3722,614111.9652155609
3723,768405.7413796897
3724,328574.26351471513
3725,269569.2055976447
3726,300310.11789866036
3727,356903.9542886735
3728,404517.62926248973
3729,333008.6917589728
3730,358428.2099180637
3731,352966.21164916275
3732,488780.5836913547
3733,255337.7040812854
3734,1173516.268198993
3735,376937.339520924
3736,593153.3426210486
3737,359015.1519697728
3738,290022.46103150107
3739,452435.4128373634
3740,744981.4214359169
3741,353515.43844072346
3742,438140.8630489471
3743,1055557.3251978166
3744,563777.8004829274
3745,643402.9314934355
3746,510010.46711825614
3747,391090.89034476463
3748,233575.28727244496
3749,480131.66245208425
3750,1467374.8758836673
3751,502363.21753255324
3752,372801.1241477042
3753,209857.75900095628
3754,307005.5393365641
3755,607080.0459282418
3756,354306.0769843646
3757,295819.8971532051
3758,538372.664456044
3759,927545.2537281555
3760,3120414.715683141
3761,350202.3837826243
3762,687107.8901356764
3763,581454.7527120813
3764,952392.4514702462
3765,751291.4626161378
3766,322271.6749873984
3767,900628.49609689
3768,307377.69852239
3769,708024.5724849447
3770,719733.9860714301
3771,307487.61607428186
3772,604763.7890118097
3773,546542.2157250176
3774,750843.7099940967
3775,240936.56462620897
3776,658256.0745486665
3777,289047.7163210296
3778,554838.2504320219
3779,547089.4056543611
3780,283365.69486862223
3781,441746.18863336666
3782,750769.3659298746
3783,613848.321288799
3784,355855.7003733217
3785,394904.0307032402
3786,490663.38949009
3787,435841.474476559
3788,442182.36820372485
3789,268550.51073306415
3790,371585.84720336593
3791,567971.5402762782
3792,821309.2946434143
3793,487245.555117382
3794,523852.8644426282
3795,581755.3860026842
3796,372943.05612800777
3797,260492.00392302335
3798,739832.3895373555
3799,526613.9020503133
3800,692309.4429899441
3801,631083.0487534475
3802,328575.01285346627
3803,342891.7852602271
3804,439866.72065401817
3805,358922.49800265476
3806,663624.9113133837
3807,768464.4561769256
3808,385801.07303657895
3809,338757.78502797586
3810,508090.1445708941
3811,314248.87008897564
3812,847507.9579557551
3813,775031.9480108273
3814,457456.0787523263
3815,863388.3793364055
3816,268416.85378946515
3817,470344.01943049504
3818,357206.7047961613
3819,281186.1769387093
3820,310615.51333516475
3821,572829.4985809835
3822,376897.3173022444
3823,351571.8934236359
3824,837109.8636732921
3825,418837.02959515504
3826,355841.9639134712
3827,398291.18722925865
3828,572791.3030333562
3829,655563.1085275514
3830,911501.1468979085
3831,516195.99670882407
3832,688899.1165587588
3833,588806.2669643958
3834,302975.29644754383
3835,611551.5861233352
3836,323009.1473528928
3837,267366.9359748449
3838,613860.1801178906
3839,339665.92435755633
3840,719618.0250394552
3841,635992.7294504782
3842,440694.7423814623
3843,509811.7223225319
3844,500687.732943368
3845,281318.1812248042
3846,426889.4684791556
3847,269569.2055976447
3848,609446.7311639305
3849,270713.377740569
3850,306483.2875594621
3851,1126704.357716287
3852,375436.74012969586
3853,771004.5360758468
3854,786378.2180560036
3855,771468.8246693461
3856,623481.091536296
3857,626150.2561691885
3858,1127314.8403220065
3859,999872.3306354908
3860,880257.4268027459
3861,235410.35400413952
3862,371160.7739348238
3863,607115.5203500664
3864,771708.8994457893
3865,491568.1830100891
3866,296837.779153867
3867,452126.0693937655
3868,725431.8516986178
3869,383252.4907998276
3870,367067.78662534466
3871,555851.6481892946
3872,780879.9367817532
3873,890528.6416528351
3874,414255.1999725165
3875,468198.6125339384
3876,977223.5626531524
3877,288187.23387919937
3878,415124.18729751377
3879,751223.0113352095
3880,419385.2338065117
3881,657880.8725060262
3882,549013.1204217952
3883,534218.6974669814
3884,548943.2113499544
3885,731104.2352047857
3886,347684.9737907397
3887,428296.25255909463
3888,660717.6332712038
3889,635613.4199006597
3890,372946.34005044674
3891,621076.7869875939
3892,366854.68466614105
3893,323366.79352543474
3894,334323.5425671093
3895,367607.74276241986
3896,736404.3402749733
3897,287798.3978034254
3898,470026.2309574693
3899,407413.0830492296
3900,636975.4871270518
3901,330475.2351557557
3902,633210.2912877098
3903,375296.6674717683
3904,498268.28435452573
3905,384338.18475615623
3906,630415.231957506
3907,389383.5990787267
3908,471792.66557318525
3909,346328.9384173148
3910,347482.99986053817
3911,849739.9798670287
3912,540236.8626280165
3913,316685.7971049065
3914,626129.2702990856
3915,381481.4528031235
3916,726403.6335918737
3917,733452.6471859694
3918,1068383.7700005677
3919,381956.77187302243
3920,329173.80496232817
3921,331130.1118528758
3922,331736.1875407504
3923,438140.4956001482
3924,676175.5638052293
3925,367602.4692092567
3926,265226.5858701562
3927,403219.65400329564
3928,366847.79562494217
3929,655602.1126940937
3930,331719.5764870405
3931,314785.53863481263
3932,281271.2637068369
3933,528335.2723357679
3934,325535.6425039736
3935,470026.2309574693
3936,311806.04389716586
3937,1034962.2918210181
3938,331115.92502119293
3939,596523.8013739683
3940,324639.5778440303
3941,585229.7050364711
3942,340223.44216820766
3943,712200.102276711
3944,559340.319786111
3945,711518.2003506202
3946,291274.08117651
3947,765344.5338357802
3948,361778.2992799975
3949,420939.79716300906
3950,293199.04075010295
3951,348560.18041255896
3952,403386.47794191213
3953,811187.8751096205
3954,579966.5690119918
3955,545145.1473701324
3956,607545.3263617854
3957,350212.5592400388
3958,468357.5101140598
3959,481246.078817861
3960,492702.3033672321
3961,628348.3688989566
3962,356582.2707117102
3963,390501.4422213116
3964,766130.3470235033
3965,728385.3423473774
3966,330018.4359713778
3967,572829.599454105
3968,1622126.6589608788
3969,650969.0584819439
3970,676340.6912500849
3971,804515.2339181389
3972,375525.3569000572
3973,571684.0319548205
3974,466585.0525976883
3975,479193.1274091422
3976,604125.4643566025
3977,497945.6537956934
3978,488837.29053877614
3979,442242.95736296085
3980,362773.0691601219
3981,347513.5802231272
3982,340048.17166781833
3983,662987.8621720521
3984,385940.9806263226
3985,482665.07767857355
3986,421298.380739457
3987,292098.8036295123
3988,450329.16509443946
3989,302418.6489552738
3990,363065.6884801136
3991,362620.1700962684
3992,520048.8493033719
3993,1019394.3637539152
3994,388784.4171360382
3995,300118.2500940853
3996,412900.2411531013
3997,592632.6775178454
3998,531982.0277863835
3999,427333.53658576595
4000,555233.2702512573
4001,439239.5770865045
4002,300454.617684812
4003,317154.3157341641
4004,655564.7643794175
4005,322575.496028959
4006,494438.34166263964
4007,532379.1393726103
4008,463522.72337064275
4009,289002.4631057181
4010,272627.88880349376
4011,695001.6363626041
4012,493330.5687364421
4013,269606.33925129
4014,420020.7733088318
4015,325391.8031399898
4016,348051.32566436095
4017,281185.8256089801
4018,346327.5411580296
4019,371290.47572735033
4020,1378624.414080716
4021,327941.42251448135
4022,520029.75321835745
4023,565982.5296083824
4024,688763.596182195
4025,329544.5335145078
4026,907979.1499594286
4027,391810.3668331482
4028,745371.3156398778
4029,482922.8294991124
4030,660736.6445144598
4031,1213307.998235845
4032,839654.8325558678
4033,777507.5576339059
4034,417706.4162330684
4035,651122.3252420621
4036,213695.20603330672
4037,618364.6570365927
4038,661014.4248543257
4039,343671.0056787077
4040,590854.7169016831
4041,543420.6365302942
4042,184716.37436269099
4043,1759480.3440286652
4044,283371.216735987
4045,244137.95895521613
4046,754037.6468211052
4047,319299.730209335
4048,272723.87448688335
4049,357050.34401440807
4050,374634.695582956
4051,700214.2646205942
4052,640930.1789252502
4053,472493.61188887624
4054,2845849.066448111
4055,552979.2381354963
4056,621095.933700223
4057,381339.8218675711
4058,579970.89211051
4059,400806.2619308916
4060,625846.0190295713
4061,305017.60989846487
4062,348859.6592753795
4063,520011.9356578684
4064,731091.8960505407
4065,814393.8359922827
4066,417705.4197099266
4067,637882.6287536673
4068,536432.1625007108
4069,708339.3275012685
4070,278081.2761400815
4071,863661.8305124048
4072,308705.99787173857
4073,523988.466656892
4074,338362.069132475
4075,302763.15588103095
4076,297984.2879266787
4077,694784.2120840182
4078,1060024.114601703
4079,564037.2312181164
4080,284611.1940701772
4081,366410.6396150401
4082,1114419.489886393
4083,511108.0500865216
4084,724737.4244941457
4085,1051505.0968337448
4086,288893.61688407254
4087,320372.37214660953
4088,367597.0717708481
4089,395015.3537534271
4090,549037.4938507337
4091,270333.54980350856
4092,543032.0275649956
4093,918552.262151305
4094,376927.7151459162
4095,448828.30298439466
4096,345812.0647678059
4097,339665.92435755633
4098,331739.4371460794
4099,403226.4847158424
4100,461966.643941392
4101,411805.6221262492
4102,431276.15947336383
4103,384451.8002101244
4104,935674.4194783793
4105,376937.339520924
4106,520012.1728933545
4107,289814.6521640172
4108,328389.49536367995
4109,673390.4167748927
4110,371863.05353057414
4111,287596.1958616709
4112,259324.86484743012
4113,653153.8147643191
4114,360401.9746771838
4115,461215.63803392433
4116,333192.5558816568
4117,468019.81260375277
4118,536310.827240352
4119,521561.0248803071
4120,766132.935729659
4121,286685.88340652315
4122,412516.6090866633
4123,689407.9651652898
4124,725082.5393360835
4125,469531.0717499584
4126,341014.4996945177
4127,360006.4079421678
4128,606818.0547197143
4129,372588.4536568329
4130,338869.37380601035
4131,337081.88778548053
4132,263274.071427064
4133,597565.2841570841
4134,962433.9565752501
4135,727502.8246615197
4136,849359.8035593535
4137,583453.5823301676
4138,395014.98389311426
4139,269595.56776742515
4140,466586.3319536436
4141,805220.1845999273
4142,539966.0088192178
4143,574729.6866976777
4144,344858.8297795046
4145,553303.4963749605
4146,529256.1955457713
4147,370449.8792763916
4148,423504.9625556824
4149,448435.9121119283
4150,321755.4096937356
4151,908072.7723209439
4152,405940.81221480813
4153,313015.4288209786
4154,299297.3059396997
4155,607079.106587349
4156,296984.796825424
4157,367593.8750378608
4158,364702.1544897106
4159,481026.74917394674
4160,548730.5661346315
4161,295163.60296921025
4162,351567.929281402
4163,263078.2565646006
4164,324278.35972752393
4165,290173.70832469297
4166,292098.7908162736
4167,488579.666493466
4168,433823.4194298299
4169,353590.7185650124
4170,846827.9207301791
4171,602586.1193453463
4172,328069.80041276326
4173,425858.5492602614
4174,684164.6044000305
4175,643018.2126886678
4176,369903.2445469664
4177,1501259.3106097945
4178,692048.1552039734
4179,705675.1907714248
4180,293172.5434030244
4181,686821.9879952786
4182,281162.3182262212
4183,780717.470790141
4184,455852.13157593727
4185,311105.8292969126
4186,324130.8228441786
4187,833079.0818326935
4188,719468.8858688117
4189,479425.74827263027
4190,348833.24654095585
4191,402521.1730943214
4192,660664.0280162845
4193,357346.90547916916
4194,887490.4850772385
4195,1163314.8745353783
4196,1177161.4821398836
4197,684545.8725237609
4198,697457.0871885204
4199,287579.563435815
4200,486949.201431012
4201,371160.1297908085
4202,412217.2318690847
4203,521759.13927885075
4204,879967.8057399472
4205,684698.747756445
4206,638421.8451605863
4207,353791.998213356
4208,369894.59013544477
4209,1046986.9565930844
4210,504137.34228362644
4211,929383.7878835261
4212,355680.43123595475
4213,490463.99095314945
4214,581560.2608884567
4215,1072111.4310695624
4216,3307502.719960249
4217,334292.83693155413
4218,335777.7738532544
4219,418238.9843931768
4220,350198.073407214
4221,638106.5404380815
4222,267362.9970500609
4223,579558.3715461763
4224,859685.4638717172
4225,814388.3690807435
4226,316813.27645744634
4227,336895.60060780117
4228,335777.7738532544
4229,299967.9515746776
4230,1331673.2058044402
4231,1455402.323323487
4232,435639.6246915588
4233,529946.6000493828
4234,808398.5821782141
4235,1039829.8446221869
4236,322267.16841238557
4237,540512.4254636912
4238,387422.80657732836
4239,713907.4893367565
4240,1422091.6982132439
4241,262240.7077346812
4242,1089195.0627676633
4243,460928.96113816457
4244,372746.94201089843
4245,433990.02853870386
4246,271665.0493896501
4247,524360.9440980668
4248,256054.1717292697
4249,289348.7163521667
4250,1092974.862127648
4251,272605.5212141122
4252,565890.8496625646
4253,308359.26185849524
4254,453913.75450041355
4255,371695.43853847875
4256,635986.9597163469
4257,352922.9555454154
4258,492942.8226490524
4259,401011.87657091324
4260,283365.7657768885
4261,1059998.97801133
4262,312986.79981771624
4263,452290.87256971846
4264,460804.724560237
4265,316794.3871301732
4266,340839.5900196358
4267,342182.79140922584
4268,448665.59372621303
4269,321981.3103325293
4270,753647.4873076295
4271,1123563.7777519042
4272,611945.1398812603
4273,512252.73436330905
4274,673657.3030116273
4275,414264.679418358
4276,378443.33746497973
4277,371137.0076509316
4278,873154.4297170652
4279,287579.563435815
4280,305001.50925010326
4281,597465.1747337976
4282,305952.5602736763
4283,650629.7177162127
4284,377129.6515264545
4285,650129.6294589608
4286,1295802.0166890132
4287,429734.2300749948
4288,248499.97866999355
4289,402403.02191865386
4290,600006.3658086662
4291,600006.3658086662
4292,354311.44487869175
4293,227361.24288248757
4294,283353.9206918631
4295,356427.7951749798
4296,342307.252184882
4297,354431.0452071508
4298,316686.28815096896
4299,526353.6753232392
4300,1326320.5109216894
4301,574994.7337905224
4302,311968.565350427
4303,988665.6586430521
4304,518183.20923648536
4305,358479.10124283493
4306,823935.9728067844
4307,736651.9545814483
4308,683683.732707478
4309,958125.9372566203
4310,1110427.1361488416
4311,341654.2489665855
4312,284032.9059635215
4313,474051.91001051833
4314,350338.03162974055
4315,542331.021990288
4316,801395.2104466405
4317,329163.8437836585
4318,355855.7003733217
4319,481219.3751061664
4320,256319.37920726664
4321,365592.1525983594
4322,256319.34623762075
